year,province_id,subject_category_id,score,count_at_score,cumulative_count
2024,6,5,619,52,52
2024,6,5,618,12,64
2024,6,5,617,11,75
2024,6,5,616,16,91
2024,6,5,615,19,110
2024,6,5,614,18,128
2024,6,5,613,16,144
2024,6,5,612,35,179
2024,6,5,611,22,201
2024,6,5,610,39,240
2024,6,5,609,27,267
2024,6,5,608,32,299
2024,6,5,607,35,334
2024,6,5,606,49,383
2024,6,5,605,49,432
2024,6,5,604,54,486
2024,6,5,603,55,541
2024,6,5,602,54,595
2024,6,5,601,61,656
2024,6,5,600,58,714
2024,6,5,599,61,775
2024,6,5,598,59,834
2024,6,5,597,79,913
2024,6,5,596,83,996
2024,6,5,595,93,1089
2024,6,5,594,86,1175
2024,6,5,593,105,1280
2024,6,5,592,96,1376
2024,6,5,591,77,1453
2024,6,5,590,100,1553
2024,6,5,589,96,1649
2024,6,5,588,101,1750
2024,6,5,587,110,1860
2024,6,5,586,120,1980
2024,6,5,585,109,2089
2024,6,5,584,105,2194
2024,6,5,583,112,2306
2024,6,5,582,118,2424
2024,6,5,581,128,2552
2024,6,5,580,132,2684
2024,6,5,579,147,2831
2024,6,5,578,131,2962
2024,6,5,577,136,3098
2024,6,5,576,152,3250
2024,6,5,575,142,3392
2024,6,5,574,139,3531
2024,6,5,573,145,3676
2024,6,5,572,170,3846
2024,6,5,571,152,3998
2024,6,5,570,160,4158
2024,6,5,569,159,4317
2024,6,5,568,182,4499
2024,6,5,567,163,4662
2024,6,5,566,179,4841
2024,6,5,565,178,5019
2024,6,5,564,161,5180
2024,6,5,563,176,5356
2024,6,5,562,188,5544
2024,6,5,561,187,5731
2024,6,5,560,168,5899
2024,6,5,559,203,6102
2024,6,5,558,183,6285
2024,6,5,557,173,6458
2024,6,5,556,173,6631
2024,6,5,555,201,6832
2024,6,5,554,189,7021
2024,6,5,553,197,7218
2024,6,5,552,194,7412
2024,6,5,551,180,7592
2024,6,5,550,206,7798
2024,6,5,549,177,7975
2024,6,5,548,203,8178
2024,6,5,547,194,8372
2024,6,5,546,189,8561
2024,6,5,545,197,8758
2024,6,5,544,215,8973
2024,6,5,543,213,9186
2024,6,5,542,231,9417
2024,6,5,541,207,9624
2024,6,5,540,224,9848
2024,6,5,539,221,10069
2024,6,5,538,237,10306
2024,6,5,537,232,10538
2024,6,5,536,222,10760
2024,6,5,535,225,10985
2024,6,5,534,249,11234
2024,6,5,533,228,11462
2024,6,5,532,216,11678
2024,6,5,531,241,11919
2024,6,5,530,224,12143
2024,6,5,529,245,12388
2024,6,5,528,239,12627
2024,6,5,527,233,12860
2024,6,5,526,225,13085
2024,6,5,525,191,13276
2024,6,5,524,262,13538
2024,6,5,523,225,13763
2024,6,5,522,263,14026
2024,6,5,521,255,14281
2024,6,5,520,251,14532
2024,6,5,519,221,14753
2024,6,5,518,270,15023
2024,6,5,517,226,15249
2024,6,5,516,236,15485
2024,6,5,515,249,15734
2024,6,5,514,245,15979
2024,6,5,513,271,16250
2024,6,5,512,233,16483
2024,6,5,511,278,16761
2024,6,5,510,288,17049
2024,6,5,509,264,17313
2024,6,5,508,254,17567
2024,6,5,507,228,17795
2024,6,5,506,272,18067
2024,6,5,505,223,18290
2024,6,5,504,249,18539
2024,6,5,503,228,18767
2024,6,5,502,241,19008
2024,6,5,501,235,19243
2024,6,5,500,243,19486
2024,6,5,499,243,19729
2024,6,5,498,231,19960
2024,6,5,497,243,20203
2024,6,5,496,243,20446
2024,6,5,495,247,20693
2024,6,5,494,263,20956
2024,6,5,493,270,21226
2024,6,5,492,247,21473
2024,6,5,491,271,21744
2024,6,5,490,259,22003
2024,6,5,489,267,22270
2024,6,5,488,244,22514
2024,6,5,487,267,22781
2024,6,5,486,259,23040
2024,6,5,485,253,23293
2024,6,5,484,260,23553
2024,6,5,483,261,23814
2024,6,5,482,266,24080
2024,6,5,481,257,24337
2024,6,5,480,225,24562
2024,6,5,479,233,24795
2024,6,5,478,258,25053
2024,6,5,477,246,25299
2024,6,5,476,242,25541
2024,6,5,475,278,25819
2024,6,5,474,215,26034
2024,6,5,473,236,26270
2024,6,5,472,222,26492
2024,6,5,471,256,26748
2024,6,5,470,248,26996
2024,6,5,469,277,27273
2024,6,5,468,252,27525
2024,6,5,467,253,27778
2024,6,5,466,250,28028
2024,6,5,465,266,28294
2024,6,5,464,225,28519
2024,6,5,463,237,28756
2024,6,5,462,258,29014
2024,6,5,461,248,29262
2024,6,5,460,263,29525
2024,6,5,459,230,29755
2024,6,5,458,239,29994
2024,6,5,457,238,30232
2024,6,5,456,241,30473
2024,6,5,455,242,30715
2024,6,5,454,219,30934
2024,6,5,453,245,31179
2024,6,5,452,220,31399
2024,6,5,451,266,31665
2024,6,5,450,239,31904
2024,6,5,449,230,32134
2024,6,5,448,256,32390
2024,6,5,447,251,32641
2024,6,5,446,219,32860
2024,6,5,445,211,33071
2024,6,5,444,215,33286
2024,6,5,443,245,33531
2024,6,5,442,250,33781
2024,6,5,441,218,33999
2024,6,5,440,240,34239
2024,6,5,439,243,34482
2024,6,5,438,227,34709
2024,6,5,437,214,34923
2024,6,5,436,204,35127
2024,6,5,435,214,35341
2024,6,5,434,229,35570
2024,6,5,433,236,35806
2024,6,5,432,227,36033
2024,6,5,431,189,36222
2024,6,5,430,214,36436
2024,6,5,429,193,36629
2024,6,5,428,204,36833
2024,6,5,427,230,37063
2024,6,5,426,196,37259
2024,6,5,425,209,37468
2024,6,5,424,224,37692
2024,6,5,423,190,37882
2024,6,5,422,171,38053
2024,6,5,421,213,38266
2024,6,5,420,177,38443
2024,6,5,419,219,38662
2024,6,5,418,207,38869
2024,6,5,417,210,39079
2024,6,5,416,190,39269
2024,6,5,415,185,39454
2024,6,5,414,187,39641
2024,6,5,413,182,39823
2024,6,5,412,175,39998
2024,6,5,411,212,40210
2024,6,5,410,191,40401
2024,6,5,409,172,40573
2024,6,5,408,179,40752
2024,6,5,407,163,40915
2024,6,5,406,162,41077
2024,6,5,405,194,41271
2024,6,5,404,162,41433
2024,6,5,403,161,41594
2024,26,2,667,51,51
2024,26,2,666,7,58
2024,26,2,665,4,62
2024,26,2,664,4,66
2024,26,2,663,5,71
2024,26,2,662,7,78
2024,26,2,661,8,86
2024,26,2,660,7,93
2024,26,2,659,5,98
2024,26,2,658,9,107
2024,26,2,657,6,113
2024,26,2,656,16,129
2024,26,2,655,8,137
2024,26,2,654,14,151
2024,26,2,653,11,162
2024,26,2,652,15,177
2024,26,2,651,14,191
2024,26,2,650,16,207
2024,26,2,649,14,221
2024,26,2,648,18,239
2024,26,2,647,27,266
2024,26,2,646,19,285
2024,26,2,645,30,315
2024,26,2,644,20,335
2024,26,2,643,20,355
2024,26,2,642,25,380
2024,26,2,641,26,406
2024,26,2,640,23,429
2024,26,2,639,29,458
2024,26,2,638,27,485
2024,26,2,637,33,518
2024,26,2,636,31,549
2024,26,2,635,34,583
2024,26,2,634,33,616
2024,26,2,633,57,673
2024,26,2,632,38,711
2024,26,2,631,39,750
2024,26,2,630,47,797
2024,26,2,629,47,844
2024,26,2,628,48,892
2024,26,2,627,39,931
2024,26,2,626,52,983
2024,26,2,625,50,1033
2024,26,2,624,50,1083
2024,26,2,623,59,1142
2024,26,2,622,64,1206
2024,26,2,621,58,1264
2024,26,2,620,71,1335
2024,26,2,619,76,1411
2024,26,2,618,68,1479
2024,26,2,617,75,1554
2024,26,2,616,74,1628
2024,26,2,615,72,1700
2024,26,2,614,82,1782
2024,26,2,613,85,1867
2024,26,2,612,77,1944
2024,26,2,611,112,2056
2024,26,2,610,106,2162
2024,26,2,609,89,2251
2024,26,2,608,101,2352
2024,26,2,607,94,2446
2024,26,2,606,115,2561
2024,26,2,605,118,2679
2024,26,2,604,110,2789
2024,26,2,603,111,2900
2024,26,2,602,117,3017
2024,26,2,601,146,3163
2024,26,2,600,105,3268
2024,26,2,599,128,3396
2024,26,2,598,128,3524
2024,26,2,597,138,3662
2024,26,2,596,129,3791
2024,26,2,595,140,3931
2024,26,2,594,147,4078
2024,26,2,593,160,4238
2024,26,2,592,151,4389
2024,26,2,591,142,4531
2024,26,2,590,186,4717
2024,26,2,589,182,4899
2024,26,2,588,160,5059
2024,26,2,587,151,5210
2024,26,2,586,199,5409
2024,26,2,585,171,5580
2024,26,2,584,171,5751
2024,26,2,583,188,5939
2024,26,2,582,173,6112
2024,26,2,581,180,6292
2024,26,2,580,217,6509
2024,26,2,579,198,6707
2024,26,2,578,223,6930
2024,26,2,577,216,7146
2024,26,2,576,203,7349
2024,26,2,575,206,7555
2024,26,2,574,221,7776
2024,26,2,573,214,7990
2024,26,2,572,231,8221
2024,26,2,571,224,8445
2024,26,2,570,266,8711
2024,26,2,569,228,8939
2024,26,2,568,245,9184
2024,26,2,567,232,9416
2024,26,2,566,263,9679
2024,26,2,565,294,9973
2024,26,2,564,277,10250
2024,26,2,563,268,10518
2024,26,2,562,283,10801
2024,26,2,561,256,11057
2024,26,2,560,284,11341
2024,26,2,559,269,11610
2024,26,2,558,311,11921
2024,26,2,557,310,12231
2024,26,2,556,323,12554
2024,26,2,555,288,12842
2024,26,2,554,298,13140
2024,26,2,553,303,13443
2024,26,2,552,288,13731
2024,26,2,551,303,14034
2024,26,2,550,290,14324
2024,26,2,549,336,14660
2024,26,2,548,321,14981
2024,26,2,547,355,15336
2024,26,2,546,324,15660
2024,26,2,545,371,16031
2024,26,2,544,369,16400
2024,26,2,543,388,16788
2024,26,2,542,355,17143
2024,26,2,541,359,17502
2024,26,2,540,370,17872
2024,26,2,539,398,18270
2024,26,2,538,367,18637
2024,26,2,537,374,19011
2024,26,2,536,370,19381
2024,26,2,535,390,19771
2024,26,2,534,366,20137
2024,26,2,533,384,20521
2024,26,2,532,379,20900
2024,26,2,531,404,21304
2024,26,2,530,371,21675
2024,26,2,529,400,22075
2024,26,2,528,399,22474
2024,26,2,527,417,22891
2024,26,2,526,424,23315
2024,26,2,525,415,23730
2024,26,2,524,415,24145
2024,26,2,523,411,24556
2024,26,2,522,410,24966
2024,26,2,521,455,25421
2024,26,2,520,438,25859
2024,26,2,519,410,26269
2024,26,2,518,425,26694
2024,26,2,517,443,27137
2024,26,2,516,450,27587
2024,26,2,515,451,28038
2024,26,2,514,419,28457
2024,26,2,513,443,28900
2024,26,2,512,474,29374
2024,26,2,511,445,29819
2024,26,2,510,475,30294
2024,26,2,509,467,30761
2024,26,2,508,467,31228
2024,26,2,507,491,31719
2024,26,2,506,484,32203
2024,26,2,505,439,32642
2024,26,2,504,486,33128
2024,26,2,503,466,33594
2024,26,2,502,469,34063
2024,26,2,501,488,34551
2024,26,2,500,487,35038
2024,26,2,499,522,35560
2024,26,2,498,493,36053
2024,26,2,497,487,36540
2024,26,2,496,508,37048
2024,26,2,495,466,37514
2024,26,2,494,479,37993
2024,26,2,493,512,38505
2024,26,2,492,511,39016
2024,26,2,491,482,39498
2024,26,2,490,540,40038
2024,26,2,489,506,40544
2024,26,2,488,473,41017
2024,26,2,487,518,41535
2024,26,2,486,499,42034
2024,26,2,485,497,42531
2024,26,2,484,495,43026
2024,26,2,483,490,43516
2024,26,2,482,493,44009
2024,26,2,481,518,44527
2024,26,2,480,506,45033
2024,26,2,479,514,45547
2024,26,2,478,502,46049
2024,26,2,477,539,46588
2024,26,2,476,538,47126
2024,26,2,475,488,47614
2024,26,2,474,521,48135
2024,26,2,473,535,48670
2024,26,2,472,537,49207
2024,26,2,471,563,49770
2024,26,2,470,529,50299
2024,26,2,469,543,50842
2024,26,2,468,544,51386
2024,26,2,467,517,51903
2024,26,2,466,532,52435
2024,26,2,465,510,52945
2024,26,2,464,569,53514
2024,26,2,463,491,54005
2024,26,2,462,531,54536
2024,26,2,461,520,55056
2024,26,2,460,506,55562
2024,26,2,459,526,56088
2024,26,2,458,540,56628
2024,26,2,457,551,57179
2024,26,2,456,559,57738
2024,26,2,455,514,58252
2024,26,2,454,560,58812
2024,26,2,453,563,59375
2024,26,2,452,546,59921
2024,26,2,451,565,60486
2024,26,2,450,595,61081
2024,26,2,449,533,61614
2024,26,2,448,525,62139
2024,26,2,447,546,62685
2024,26,2,446,574,63259
2024,26,2,445,551,63810
2024,26,2,444,568,64378
2024,26,2,443,561,64939
2024,26,2,442,575,65514
2024,26,2,441,580,66094
2024,26,2,440,566,66660
2024,26,2,439,558,67218
2024,26,2,438,592,67810
2024,26,2,437,551,68361
2024,26,2,436,582,68943
2024,26,2,435,555,69498
2024,26,2,434,600,70098
2024,26,2,433,548,70646
2024,26,2,432,589,71235
2024,26,2,431,541,71776
2024,26,2,430,578,72354
2024,26,2,429,557,72911
2024,26,2,428,594,73505
2024,26,2,427,570,74075
2024,26,2,426,607,74682
2024,26,2,425,578,75260
2024,26,2,424,587,75847
2024,26,2,423,576,76423
2024,26,2,422,583,77006
2024,26,2,421,592,77598
2024,26,2,420,626,78224
2024,26,2,419,605,78829
2024,26,2,418,571,79400
2024,26,2,417,574,79974
2024,26,2,416,560,80534
2024,26,2,415,576,81110
2024,26,2,414,597,81707
2024,26,2,413,586,82293
2024,26,2,412,569,82862
2024,26,2,411,564,83426
2024,26,2,410,563,83989
2024,26,2,409,560,84549
2024,26,2,408,557,85106
2024,26,2,407,529,85635
2024,26,2,406,594,86229
2024,26,2,405,560,86789
2024,26,2,404,538,87327
2024,26,2,403,572,87899
2024,26,2,402,546,88445
2024,26,2,401,565,89010
2024,26,2,400,570,89580
2024,26,2,399,556,90136
2024,26,2,398,555,90691
2024,26,2,397,540,91231
2024,26,2,396,525,91756
2024,26,2,395,534,92290
2024,26,2,394,536,92826
2024,26,2,393,541,93367
2024,26,2,392,576,93943
2024,26,2,391,550,94493
2024,26,2,390,540,95033
2024,26,2,389,543,95576
2024,26,2,388,526,96102
2024,26,2,387,529,96631
2024,26,2,386,543,97174
2024,26,2,385,565,97739
2024,26,2,384,511,98250
2024,26,2,383,535,98785
2024,26,2,382,506,99291
2024,26,2,381,524,99815
2024,26,2,380,501,100316
2024,26,2,379,463,100779
2024,26,2,378,471,101250
2024,26,2,377,488,101738
2024,26,2,376,508,102246
2024,26,2,375,499,102745
2024,26,2,374,499,103244
2024,26,2,373,483,103727
2024,26,2,372,476,104203
2024,26,2,371,487,104690
2024,26,2,370,459,105149
2024,26,2,369,420,105569
2024,26,2,368,448,106017
2024,26,2,367,415,106432
2024,26,2,366,440,106872
2024,26,2,365,419,107291
2024,26,2,364,466,107757
2024,26,2,363,439,108196
2024,26,2,362,425,108621
2024,26,2,361,419,109040
2024,26,2,360,441,109481
2024,26,2,359,430,109911
2024,26,2,358,430,110341
2024,26,2,357,414,110755
2024,26,2,356,371,111126
2024,26,2,355,431,111557
2024,26,2,354,363,111920
2024,26,2,353,406,112326
2024,26,2,352,398,112724
2024,26,2,351,358,113082
2024,26,2,350,392,113474
2024,26,2,349,349,113823
2024,26,2,348,379,114202
2024,26,2,347,382,114584
2024,26,2,346,363,114947
2024,26,2,345,291,115238
2024,26,2,344,357,115595
2024,26,2,343,374,115969
2024,26,2,342,352,116321
2024,26,2,341,326,116647
2024,26,2,340,312,116959
2024,26,2,339,342,117301
2024,26,2,338,323,117624
2024,26,2,337,314,117938
2024,26,2,336,290,118228
2024,26,2,335,321,118549
2024,26,2,334,288,118837
2024,26,2,333,294,119131
2024,26,2,332,252,119383
2024,26,2,331,278,119661
2024,26,2,330,236,119897
2024,26,2,329,259,120156
2024,26,2,328,266,120422
2024,26,2,327,245,120667
2024,26,2,326,260,120927
2024,26,2,325,229,121156
2024,26,2,324,231,121387
2024,26,2,323,220,121607
2024,26,2,322,264,121871
2024,26,2,321,241,122112
2024,26,2,320,218,122330
2024,26,2,319,249,122579
2024,26,2,318,204,122783
2024,26,2,317,202,122985
2024,26,2,316,212,123197
2024,26,2,315,203,123400
2024,26,2,314,213,123613
2024,26,2,313,181,123794
2024,26,2,312,207,124001
2024,26,2,311,189,124190
2024,26,2,310,175,124365
2024,26,2,309,175,124540
2024,26,2,308,167,124707
2024,26,2,307,169,124876
2024,26,2,306,159,125035
2024,26,2,305,146,125181
2024,26,2,304,156,125337
2024,26,2,303,168,125505
2024,26,2,302,136,125641
2024,26,2,301,143,125784
2024,26,2,300,146,125930
2024,26,1,693,53,53
2024,26,1,692,1,54
2024,26,1,691,0,54
2024,26,1,690,1,55
2024,26,1,689,6,61
2024,26,1,688,9,70
2024,26,1,687,2,72
2024,26,1,686,8,80
2024,26,1,685,7,87
2024,26,1,684,10,97
2024,26,1,683,13,110
2024,26,1,682,18,128
2024,26,1,681,8,136
2024,26,1,680,11,147
2024,26,1,679,13,160
2024,26,1,678,9,169
2024,26,1,677,10,179
2024,26,1,676,14,193
2024,26,1,675,13,206
2024,26,1,674,19,225
2024,26,1,673,14,239
2024,26,1,672,15,254
2024,26,1,671,19,273
2024,26,1,670,23,296
2024,26,1,669,18,314
2024,26,1,668,26,340
2024,26,1,667,32,372
2024,26,1,666,26,398
2024,26,1,665,27,425
2024,26,1,664,31,456
2024,26,1,663,32,488
2024,26,1,662,24,512
2024,26,1,661,35,547
2024,26,1,660,29,576
2024,26,1,659,37,613
2024,26,1,658,30,643
2024,26,1,657,38,681
2024,26,1,656,40,721
2024,26,1,655,46,767
2024,26,1,654,55,822
2024,26,1,653,49,871
2024,26,1,652,50,921
2024,26,1,651,47,968
2024,26,1,650,51,1019
2024,26,1,649,62,1081
2024,26,1,648,42,1123
2024,26,1,647,62,1185
2024,26,1,646,55,1240
2024,26,1,645,56,1296
2024,26,1,644,61,1357
2024,26,1,643,73,1430
2024,26,1,642,76,1506
2024,26,1,641,81,1587
2024,26,1,640,89,1676
2024,26,1,639,75,1751
2024,26,1,638,97,1848
2024,26,1,637,67,1915
2024,26,1,636,96,2011
2024,26,1,635,107,2118
2024,26,1,634,129,2247
2024,26,1,633,122,2369
2024,26,1,632,96,2465
2024,26,1,631,112,2577
2024,26,1,630,111,2688
2024,26,1,629,118,2806
2024,26,1,628,125,2931
2024,26,1,627,128,3059
2024,26,1,626,137,3196
2024,26,1,625,149,3345
2024,26,1,624,140,3485
2024,26,1,623,121,3606
2024,26,1,622,136,3742
2024,26,1,621,151,3893
2024,26,1,620,158,4051
2024,26,1,619,150,4201
2024,26,1,618,139,4340
2024,26,1,617,173,4513
2024,26,1,616,148,4661
2024,26,1,615,173,4834
2024,26,1,614,169,5003
2024,26,1,613,163,5166
2024,26,1,612,176,5342
2024,26,1,611,181,5523
2024,26,1,610,185,5708
2024,26,1,609,217,5925
2024,26,1,608,193,6118
2024,26,1,607,198,6316
2024,26,1,606,202,6518
2024,26,1,605,222,6740
2024,26,1,604,221,6961
2024,26,1,603,237,7198
2024,26,1,602,225,7423
2024,26,1,601,226,7649
2024,26,1,600,246,7895
2024,26,1,599,242,8137
2024,26,1,598,241,8378
2024,26,1,597,269,8647
2024,26,1,596,224,8871
2024,26,1,595,238,9109
2024,26,1,594,230,9339
2024,26,1,593,270,9609
2024,26,1,592,281,9890
2024,26,1,591,240,10130
2024,26,1,590,292,10422
2024,26,1,589,275,10697
2024,26,1,588,275,10972
2024,26,1,587,277,11249
2024,26,1,586,285,11534
2024,26,1,585,314,11848
2024,26,1,584,298,12146
2024,26,1,583,284,12430
2024,26,1,582,310,12740
2024,26,1,581,296,13036
2024,26,1,580,322,13358
2024,26,1,579,298,13656
2024,26,1,578,317,13973
2024,26,1,577,339,14312
2024,26,1,576,331,14643
2024,26,1,575,337,14980
2024,26,1,574,314,15294
2024,26,1,573,346,15640
2024,26,1,572,365,16005
2024,26,1,571,394,16399
2024,26,1,570,361,16760
2024,26,1,569,335,17095
2024,26,1,568,341,17436
2024,26,1,567,402,17838
2024,26,1,566,378,18216
2024,26,1,565,382,18598
2024,26,1,564,369,18967
2024,26,1,563,383,19350
2024,26,1,562,385,19735
2024,26,1,561,348,20083
2024,26,1,560,393,20476
2024,26,1,559,387,20863
2024,26,1,558,385,21248
2024,26,1,557,422,21670
2024,26,1,556,427,22097
2024,26,1,555,423,22520
2024,26,1,554,382,22902
2024,26,1,553,403,23305
2024,26,1,552,419,23724
2024,26,1,551,438,24162
2024,26,1,550,438,24600
2024,26,1,549,422,25022
2024,26,1,548,451,25473
2024,26,1,547,444,25917
2024,26,1,546,416,26333
2024,26,1,545,426,26759
2024,26,1,544,409,27168
2024,26,1,543,473,27641
2024,26,1,542,449,28090
2024,26,1,541,464,28554
2024,26,1,540,471,29025
2024,26,1,539,492,29517
2024,26,1,538,433,29950
2024,26,1,537,480,30430
2024,26,1,536,476,30906
2024,26,1,535,502,31408
2024,26,1,534,481,31889
2024,26,1,533,483,32372
2024,26,1,532,496,32868
2024,26,1,531,489,33357
2024,26,1,530,518,33875
2024,26,1,529,507,34382
2024,26,1,528,553,34935
2024,26,1,527,501,35436
2024,26,1,526,521,35957
2024,26,1,525,519,36476
2024,26,1,524,518,36994
2024,26,1,523,524,37518
2024,26,1,522,502,38020
2024,26,1,521,506,38526
2024,26,1,520,528,39054
2024,26,1,519,570,39624
2024,26,1,518,553,40177
2024,26,1,517,603,40780
2024,26,1,516,546,41326
2024,26,1,515,551,41877
2024,26,1,514,519,42396
2024,26,1,513,578,42974
2024,26,1,512,581,43555
2024,26,1,511,594,44149
2024,26,1,510,561,44710
2024,26,1,509,641,45351
2024,26,1,508,585,45936
2024,26,1,507,550,46486
2024,26,1,506,555,47041
2024,26,1,505,593,47634
2024,26,1,504,578,48212
2024,26,1,503,566,48778
2024,26,1,502,585,49363
2024,26,1,501,571,49934
2024,26,1,500,596,50530
2024,26,1,499,604,51134
2024,26,1,498,589,51723
2024,26,1,497,611,52334
2024,26,1,496,634,52968
2024,26,1,495,588,53556
2024,26,1,494,628,54184
2024,26,1,493,628,54812
2024,26,1,492,654,55466
2024,26,1,491,679,56145
2024,26,1,490,655,56800
2024,26,1,489,648,57448
2024,26,1,488,657,58105
2024,26,1,487,630,58735
2024,26,1,486,636,59371
2024,26,1,485,675,60046
2024,26,1,484,662,60708
2024,26,1,483,650,61358
2024,26,1,482,654,62012
2024,26,1,481,655,62667
2024,26,1,480,671,63338
2024,26,1,479,663,64001
2024,26,1,478,645,64646
2024,26,1,477,718,65364
2024,26,1,476,699,66063
2024,26,1,475,708,66771
2024,26,1,474,644,67415
2024,26,1,473,679,68094
2024,26,1,472,673,68767
2024,26,1,471,705,69472
2024,26,1,470,719,70191
2024,26,1,469,665,70856
2024,26,1,468,695,71551
2024,26,1,467,708,72259
2024,26,1,466,667,72926
2024,26,1,465,669,73595
2024,26,1,464,641,74236
2024,26,1,463,713,74949
2024,26,1,462,740,75689
2024,26,1,461,722,76411
2024,26,1,460,699,77110
2024,26,1,459,731,77841
2024,26,1,458,686,78527
2024,26,1,457,702,79229
2024,26,1,456,697,79926
2024,26,1,455,701,80627
2024,26,1,454,713,81340
2024,26,1,453,692,82032
2024,26,1,452,706,82738
2024,26,1,451,677,83415
2024,26,1,450,686,84101
2024,26,1,449,699,84800
2024,26,1,448,664,85464
2024,26,1,447,711,86175
2024,26,1,446,682,86857
2024,26,1,445,725,87582
2024,26,1,444,680,88262
2024,26,1,443,727,88989
2024,26,1,442,690,89679
2024,26,1,441,722,90401
2024,26,1,440,674,91075
2024,26,1,439,687,91762
2024,26,1,438,699,92461
2024,26,1,437,720,93181
2024,26,1,436,696,93877
2024,26,1,435,694,94571
2024,26,1,434,716,95287
2024,26,1,433,685,95972
2024,26,1,432,684,96656
2024,26,1,431,634,97290
2024,26,1,430,681,97971
2024,26,1,429,703,98674
2024,26,1,428,755,99429
2024,26,1,427,698,100127
2024,26,1,426,732,100859
2024,26,1,425,683,101542
2024,26,1,424,692,102234
2024,26,1,423,739,102973
2024,26,1,422,641,103614
2024,26,1,421,694,104308
2024,26,1,420,681,104989
2024,26,1,419,687,105676
2024,26,1,418,639,106315
2024,26,1,417,691,107006
2024,26,1,416,683,107689
2024,26,1,415,657,108346
2024,26,1,414,642,108988
2024,26,1,413,654,109642
2024,26,1,412,656,110298
2024,26,1,411,653,110951
2024,26,1,410,641,111592
2024,26,1,409,647,112239
2024,26,1,408,670,112909
2024,26,1,407,626,113535
2024,26,1,406,666,114201
2024,26,1,405,678,114879
2024,26,1,404,637,115516
2024,26,1,403,655,116171
2024,26,1,402,633,116804
2024,26,1,401,591,117395
2024,26,1,400,612,118007
2024,26,1,399,623,118630
2024,26,1,398,580,119210
2024,26,1,397,653,119863
2024,26,1,396,637,120500
2024,26,1,395,645,121145
2024,26,1,394,576,121721
2024,26,1,393,604,122325
2024,26,1,392,630,122955
2024,26,1,391,581,123536
2024,26,1,390,539,124075
2024,26,1,389,600,124675
2024,26,1,388,579,125254
2024,26,1,387,574,125828
2024,26,1,386,570,126398
2024,26,1,385,583,126981
2024,26,1,384,590,127571
2024,26,1,383,513,128084
2024,26,1,382,549,128633
2024,26,1,381,518,129151
2024,26,1,380,571,129722
2024,26,1,379,526,130248
2024,26,1,378,544,130792
2024,26,1,377,525,131317
2024,26,1,376,547,131864
2024,26,1,375,492,132356
2024,26,1,374,545,132901
2024,26,1,373,546,133447
2024,26,1,372,487,133934
2024,26,1,371,552,134486
2024,26,1,370,540,135026
2024,26,1,369,498,135524
2024,26,1,368,514,136038
2024,26,1,367,518,136556
2024,26,1,366,485,137041
2024,26,1,365,526,137567
2024,26,1,364,494,138061
2024,26,1,363,485,138546
2024,26,1,362,504,139050
2024,26,1,361,488,139538
2024,26,1,360,503,140041
2024,26,1,359,467,140508
2024,26,1,358,455,140963
2024,26,1,357,474,141437
2024,26,1,356,440,141877
2024,26,1,355,440,142317
2024,26,1,354,460,142777
2024,26,1,353,441,143218
2024,26,1,352,453,143671
2024,26,1,351,442,144113
2024,26,1,350,411,144524
2024,26,1,349,439,144963
2024,26,1,348,408,145371
2024,26,1,347,432,145803
2024,26,1,346,402,146205
2024,26,1,345,429,146634
2024,26,1,344,376,147010
2024,26,1,343,370,147380
2024,26,1,342,416,147796
2024,26,1,341,413,148209
2024,26,1,340,391,148600
2024,26,1,339,392,148992
2024,26,1,338,345,149337
2024,26,1,337,413,149750
2024,26,1,336,373,150123
2024,26,1,335,378,150501
2024,26,1,334,386,150887
2024,26,1,333,388,151275
2024,26,1,332,390,151665
2024,26,1,331,353,152018
2024,26,1,330,338,152356
2024,26,1,329,357,152713
2024,26,1,328,332,153045
2024,26,1,327,322,153367
2024,26,1,326,334,153701
2024,26,1,325,342,154043
2024,26,1,324,327,154370
2024,26,1,323,318,154688
2024,26,1,322,337,155025
2024,26,1,321,313,155338
2024,26,1,320,316,155654
2024,26,1,319,273,155927
2024,26,1,318,316,156243
2024,26,1,317,313,156556
2024,26,1,316,322,156878
2024,26,1,315,289,157167
2024,26,1,314,303,157470
2024,26,1,313,256,157726
2024,26,1,312,298,158024
2024,26,1,311,291,158315
2024,26,1,310,277,158592
2024,26,1,309,263,158855
2024,26,1,308,279,159134
2024,26,1,307,262,159396
2024,26,1,306,281,159677
2024,26,1,305,253,159930
2024,26,1,304,277,160207
2024,26,1,303,286,160493
2024,26,1,302,231,160724
2024,26,1,301,228,160952
2024,26,1,300,252,161204
2024,28,3,636,12,12
2024,28,3,635,2,14
2024,28,3,634,1,15
2024,28,3,633,2,17
2024,28,3,632,3,20
2024,28,3,631,3,23
2024,28,3,630,5,28
2024,28,3,629,5,33
2024,28,3,628,5,38
2024,28,3,627,7,45
2024,28,3,626,1,46
2024,28,3,625,2,48
2024,28,3,624,4,52
2024,28,3,623,4,56
2024,28,3,622,5,61
2024,28,3,621,3,64
2024,28,3,620,3,67
2024,28,3,619,3,70
2024,28,3,618,5,75
2024,28,3,617,10,85
2024,28,3,616,3,88
2024,28,3,615,14,102
2024,28,3,614,7,109
2024,28,3,613,9,118
2024,28,3,612,11,129
2024,28,3,611,11,140
2024,28,3,610,10,150
2024,28,3,609,9,159
2024,28,3,608,16,175
2024,28,3,607,6,181
2024,28,3,606,16,197
2024,28,3,605,7,204
2024,28,3,604,8,212
2024,28,3,603,20,232
2024,28,3,602,13,245
2024,28,3,601,17,262
2024,28,3,600,17,279
2024,28,3,599,8,287
2024,28,3,598,21,308
2024,28,3,597,12,320
2024,28,3,596,19,339
2024,28,3,595,9,348
2024,28,3,594,19,367
2024,28,3,593,17,384
2024,28,3,592,20,404
2024,28,3,591,12,416
2024,28,3,590,21,437
2024,28,3,589,15,452
2024,28,3,588,13,465
2024,28,3,587,29,494
2024,28,3,586,17,511
2024,28,3,585,25,536
2024,28,3,584,29,565
2024,28,3,583,17,582
2024,28,3,582,14,596
2024,28,3,581,24,620
2024,28,3,580,23,643
2024,28,3,579,29,672
2024,28,3,578,26,698
2024,28,3,577,16,714
2024,28,3,576,18,732
2024,28,3,575,31,763
2024,28,3,574,39,802
2024,28,3,573,38,840
2024,28,3,572,33,873
2024,28,3,571,37,910
2024,28,3,570,37,947
2024,28,3,569,27,974
2024,28,3,568,37,1011
2024,28,3,567,33,1044
2024,28,3,566,35,1079
2024,28,3,565,36,1115
2024,28,3,564,44,1159
2024,28,3,563,32,1191
2024,28,3,562,44,1235
2024,28,3,561,49,1284
2024,28,3,560,40,1324
2024,28,3,559,46,1370
2024,28,3,558,39,1409
2024,28,3,557,27,1436
2024,28,3,556,43,1479
2024,28,3,555,47,1526
2024,28,3,554,44,1570
2024,28,3,553,52,1622
2024,28,3,552,53,1675
2024,28,3,551,51,1726
2024,28,3,550,43,1769
2024,28,3,549,42,1811
2024,28,3,548,56,1867
2024,28,3,547,47,1914
2024,28,3,546,48,1962
2024,28,3,545,58,2020
2024,28,3,544,62,2082
2024,28,3,543,60,2142
2024,28,3,542,43,2185
2024,28,3,541,49,2234
2024,28,3,540,47,2281
2024,28,3,539,43,2324
2024,28,3,538,61,2385
2024,28,3,537,63,2448
2024,28,3,536,59,2507
2024,28,3,535,64,2571
2024,28,3,534,53,2624
2024,28,3,533,70,2694
2024,28,3,532,63,2757
2024,28,3,531,59,2816
2024,28,3,530,53,2869
2024,28,3,529,72,2941
2024,28,3,528,53,2994
2024,28,3,527,74,3068
2024,28,3,526,73,3141
2024,28,3,525,73,3214
2024,28,3,524,46,3260
2024,28,3,523,64,3324
2024,28,3,522,65,3389
2024,28,3,521,77,3466
2024,28,3,520,73,3539
2024,28,3,519,72,3611
2024,28,3,518,93,3704
2024,28,3,517,78,3782
2024,28,3,516,75,3857
2024,28,3,515,51,3908
2024,28,3,514,82,3990
2024,28,3,513,84,4074
2024,28,3,512,81,4155
2024,28,3,511,72,4227
2024,28,3,510,91,4318
2024,28,3,509,104,4422
2024,28,3,508,80,4502
2024,28,3,507,76,4578
2024,28,3,506,82,4660
2024,28,3,505,91,4751
2024,28,3,504,77,4828
2024,28,3,503,94,4922
2024,28,3,502,82,5004
2024,28,3,501,89,5093
2024,28,3,500,95,5188
2024,28,3,499,76,5264
2024,28,3,498,78,5342
2024,28,3,497,84,5426
2024,28,3,496,80,5506
2024,28,3,495,101,5607
2024,28,3,494,103,5710
2024,28,3,493,91,5801
2024,28,3,492,86,5887
2024,28,3,491,86,5973
2024,28,3,490,105,6078
2024,28,3,489,81,6159
2024,28,3,488,98,6257
2024,28,3,487,92,6349
2024,28,3,486,113,6462
2024,28,3,485,88,6550
2024,28,3,484,85,6635
2024,28,3,483,103,6738
2024,28,3,482,85,6823
2024,28,3,481,91,6914
2024,28,3,480,85,6999
2024,28,3,479,102,7101
2024,28,3,478,103,7204
2024,28,3,477,82,7286
2024,28,3,476,115,7401
2024,28,3,475,92,7493
2024,28,3,474,107,7600
2024,28,3,473,103,7703
2024,28,3,472,128,7831
2024,28,3,471,111,7942
2024,28,3,470,97,8039
2024,28,3,469,104,8143
2024,28,3,468,92,8235
2024,28,3,467,110,8345
2024,28,3,466,103,8448
2024,28,3,465,102,8550
2024,28,3,464,127,8677
2024,28,3,463,107,8784
2024,28,3,462,106,8890
2024,28,3,461,118,9008
2024,28,3,460,111,9119
2024,28,3,459,129,9248
2024,28,3,458,103,9351
2024,28,3,457,110,9461
2024,28,3,456,116,9577
2024,28,3,455,119,9696
2024,28,3,454,109,9805
2024,28,3,453,139,9944
2024,28,3,452,127,10071
2024,28,3,451,115,10186
2024,28,3,450,111,10297
2024,28,3,449,126,10423
2024,28,3,448,105,10528
2024,28,3,447,123,10651
2024,28,3,446,139,10790
2024,28,3,445,109,10899
2024,28,3,444,102,11001
2024,28,3,443,108,11109
2024,28,3,442,116,11225
2024,28,3,441,142,11367
2024,28,3,440,108,11475
2024,28,3,439,111,11586
2024,28,3,438,134,11720
2024,28,3,437,133,11853
2024,28,3,436,118,11971
2024,28,3,435,128,12099
2024,28,3,434,115,12214
2024,28,3,433,114,12328
2024,28,3,432,120,12448
2024,28,3,431,126,12574
2024,28,3,430,111,12685
2024,28,3,429,137,12822
2024,28,3,428,118,12940
2024,28,3,427,146,13086
2024,28,3,426,121,13207
2024,28,3,425,108,13315
2024,28,3,424,140,13455
2024,28,3,423,124,13579
2024,28,3,422,129,13708
2024,28,3,421,121,13829
2024,28,3,420,148,13977
2024,28,3,419,147,14124
2024,28,3,418,155,14279
2024,28,3,417,134,14413
2024,28,3,416,146,14559
2024,28,3,415,121,14680
2024,28,3,414,128,14808
2024,28,3,413,154,14962
2024,28,3,412,123,15085
2024,28,3,411,116,15201
2024,28,3,410,129,15330
2024,28,3,409,132,15462
2024,28,3,408,112,15574
2024,28,3,407,118,15692
2024,28,3,406,126,15818
2024,28,3,405,120,15938
2024,28,3,404,144,16082
2024,28,3,403,112,16194
2024,28,3,402,119,16313
2024,28,3,401,136,16449
2024,28,3,400,115,16564
2024,28,3,399,104,16668
2024,28,3,398,104,16772
2024,28,3,397,132,16904
2024,28,3,396,148,17052
2024,28,3,395,124,17176
2024,28,3,394,113,17289
2024,28,3,393,115,17404
2024,28,3,392,113,17517
2024,28,3,391,123,17640
2024,28,3,390,117,17757
2024,28,3,389,121,17878
2024,28,3,388,120,17998
2024,28,3,387,114,18112
2024,28,3,386,117,18229
2024,28,3,385,124,18353
2024,28,3,384,124,18477
2024,28,3,383,150,18627
2024,28,3,382,128,18755
2024,28,3,381,120,18875
2024,28,3,380,126,19001
2024,28,3,379,128,19129
2024,28,3,378,134,19263
2024,28,3,377,117,19380
2024,28,3,376,106,19486
2024,28,3,375,117,19603
2024,28,3,374,119,19722
2024,28,3,373,124,19846
2024,28,3,372,137,19983
2024,28,3,371,121,20104
2024,28,3,370,118,20222
2024,28,3,369,107,20329
2024,28,3,368,109,20438
2024,28,3,367,122,20560
2024,28,3,366,112,20672
2024,28,3,365,124,20796
2024,28,3,364,102,20898
2024,28,3,363,129,21027
2024,28,3,362,101,21128
2024,28,3,361,118,21246
2024,28,3,360,93,21339
2024,28,3,359,129,21468
2024,28,3,358,102,21570
2024,28,3,357,119,21689
2024,28,3,356,126,21815
2024,28,3,355,107,21922
2024,28,3,354,106,22028
2024,28,3,353,95,22123
2024,28,3,352,125,22248
2024,28,3,351,114,22362
2024,28,3,350,106,22468
2024,28,3,349,102,22570
2024,28,3,348,94,22664
2024,28,3,347,114,22778
2024,28,3,346,100,22878
2024,28,3,345,89,22967
2024,28,3,344,82,23049
2024,28,3,343,103,23152
2024,28,3,342,107,23259
2024,28,3,341,108,23367
2024,28,3,340,99,23466
2024,28,3,339,89,23555
2024,28,3,338,104,23659
2024,28,3,337,72,23731
2024,28,3,336,88,23819
2024,28,3,335,109,23928
2024,28,3,334,98,24026
2024,28,3,333,81,24107
2024,28,3,332,99,24206
2024,28,3,331,89,24295
2024,28,3,330,79,24374
2024,28,3,329,92,24466
2024,28,3,328,82,24548
2024,28,3,327,74,24622
2024,28,3,326,78,24700
2024,28,3,325,72,24772
2024,28,3,324,74,24846
2024,28,3,323,84,24930
2024,28,3,322,80,25010
2024,28,3,321,69,25079
2024,28,3,320,88,25167
2024,28,3,319,84,25251
2024,28,3,318,69,25320
2024,28,3,317,75,25395
2024,28,3,316,92,25487
2024,28,3,315,66,25553
2024,28,3,314,85,25638
2024,28,3,313,51,25689
2024,28,3,312,69,25758
2024,28,3,311,86,25844
2024,28,3,310,75,25919
2024,28,3,309,53,25972
2024,28,3,308,69,26041
2024,28,3,307,81,26122
2024,28,3,306,60,26182
2024,28,3,305,49,26231
2024,28,3,304,75,26306
2024,28,3,303,53,26359
2024,28,3,302,62,26421
2024,28,3,301,69,26490
2024,28,3,300,61,26551
2024,28,4,704,12,12
2024,28,4,703,1,13
2024,28,4,702,4,17
2024,28,4,701,2,19
2024,28,4,700,5,24
2024,28,4,699,1,25
2024,28,4,698,3,28
2024,28,4,697,10,38
2024,28,4,696,2,40
2024,28,4,695,7,47
2024,28,4,694,7,54
2024,28,4,693,7,61
2024,28,4,692,5,66
2024,28,4,691,4,70
2024,28,4,690,8,78
2024,28,4,689,6,84
2024,28,4,688,4,88
2024,28,4,687,8,96
2024,28,4,686,12,108
2024,28,4,685,10,118
2024,28,4,684,10,128
2024,28,4,683,13,141
2024,28,4,682,8,149
2024,28,4,681,9,158
2024,28,4,680,6,164
2024,28,4,679,13,177
2024,28,4,678,8,185
2024,28,4,677,11,196
2024,28,4,676,11,207
2024,28,4,675,12,219
2024,28,4,674,16,235
2024,28,4,673,22,257
2024,28,4,672,14,271
2024,28,4,671,16,287
2024,28,4,670,18,305
2024,28,4,669,20,325
2024,28,4,668,15,340
2024,28,4,667,21,361
2024,28,4,666,23,384
2024,28,4,665,14,398
2024,28,4,664,18,416
2024,28,4,663,24,440
2024,28,4,662,18,458
2024,28,4,661,23,481
2024,28,4,660,23,504
2024,28,4,659,30,534
2024,28,4,658,45,579
2024,28,4,657,29,608
2024,28,4,656,33,641
2024,28,4,655,30,671
2024,28,4,654,32,703
2024,28,4,653,39,742
2024,28,4,652,32,774
2024,28,4,651,31,805
2024,28,4,650,36,841
2024,28,4,649,37,878
2024,28,4,648,37,915
2024,28,4,647,49,964
2024,28,4,646,40,1004
2024,28,4,645,40,1044
2024,28,4,644,45,1089
2024,28,4,643,43,1132
2024,28,4,642,62,1194
2024,28,4,641,50,1244
2024,28,4,640,39,1283
2024,28,4,639,55,1338
2024,28,4,638,53,1391
2024,28,4,637,57,1448
2024,28,4,636,45,1493
2024,28,4,635,46,1539
2024,28,4,634,62,1601
2024,28,4,633,53,1654
2024,28,4,632,60,1714
2024,28,4,631,58,1772
2024,28,4,630,70,1842
2024,28,4,629,45,1887
2024,28,4,628,66,1953
2024,28,4,627,73,2026
2024,28,4,626,66,2092
2024,28,4,625,62,2154
2024,28,4,624,65,2219
2024,28,4,623,71,2290
2024,28,4,622,77,2367
2024,28,4,621,81,2448
2024,28,4,620,63,2511
2024,28,4,619,82,2593
2024,28,4,618,87,2680
2024,28,4,617,83,2763
2024,28,4,616,74,2837
2024,28,4,615,84,2921
2024,28,4,614,82,3003
2024,28,4,613,81,3084
2024,28,4,612,89,3173
2024,28,4,611,76,3249
2024,28,4,610,72,3321
2024,28,4,609,98,3419
2024,28,4,608,109,3528
2024,28,4,607,100,3628
2024,28,4,606,105,3733
2024,28,4,605,108,3841
2024,28,4,604,86,3927
2024,28,4,603,87,4014
2024,28,4,602,105,4119
2024,28,4,601,104,4223
2024,28,4,600,99,4322
2024,28,4,599,103,4425
2024,28,4,598,119,4544
2024,28,4,597,94,4638
2024,28,4,596,105,4743
2024,28,4,595,108,4851
2024,28,4,594,102,4953
2024,28,4,593,92,5045
2024,28,4,592,101,5146
2024,28,4,591,113,5259
2024,28,4,590,111,5370
2024,28,4,589,138,5508
2024,28,4,588,134,5642
2024,28,4,587,104,5746
2024,28,4,586,127,5873
2024,28,4,585,138,6011
2024,28,4,584,122,6133
2024,28,4,583,116,6249
2024,28,4,582,122,6371
2024,28,4,581,115,6486
2024,28,4,580,133,6619
2024,28,4,579,116,6735
2024,28,4,578,130,6865
2024,28,4,577,147,7012
2024,28,4,576,125,7137
2024,28,4,575,152,7289
2024,28,4,574,156,7445
2024,28,4,573,124,7569
2024,28,4,572,132,7701
2024,28,4,571,157,7858
2024,28,4,570,124,7982
2024,28,4,569,144,8126
2024,28,4,568,145,8271
2024,28,4,567,124,8395
2024,28,4,566,147,8542
2024,28,4,565,166,8708
2024,28,4,564,150,8858
2024,28,4,563,164,9022
2024,28,4,562,164,9186
2024,28,4,561,130,9316
2024,28,4,560,163,9479
2024,28,4,559,160,9639
2024,28,4,558,164,9803
2024,28,4,557,168,9971
2024,28,4,556,172,10143
2024,28,4,555,155,10298
2024,28,4,554,167,10465
2024,28,4,553,178,10643
2024,28,4,552,160,10803
2024,28,4,551,185,10988
2024,28,4,550,162,11150
2024,28,4,549,179,11329
2024,28,4,548,171,11500
2024,28,4,547,194,11694
2024,28,4,546,195,11889
2024,28,4,545,204,12093
2024,28,4,544,190,12283
2024,28,4,543,167,12450
2024,28,4,542,177,12627
2024,28,4,541,208,12835
2024,28,4,540,179,13014
2024,28,4,539,182,13196
2024,28,4,538,169,13365
2024,28,4,537,183,13548
2024,28,4,536,191,13739
2024,28,4,535,205,13944
2024,28,4,534,202,14146
2024,28,4,533,197,14343
2024,28,4,532,178,14521
2024,28,4,531,205,14726
2024,28,4,530,197,14923
2024,28,4,529,193,15116
2024,28,4,528,193,15309
2024,28,4,527,198,15507
2024,28,4,526,205,15712
2024,28,4,525,206,15918
2024,28,4,524,213,16131
2024,28,4,523,203,16334
2024,28,4,522,191,16525
2024,28,4,521,215,16740
2024,28,4,520,240,16980
2024,28,4,519,221,17201
2024,28,4,518,214,17415
2024,28,4,517,205,17620
2024,28,4,516,219,17839
2024,28,4,515,220,18059
2024,28,4,514,209,18268
2024,28,4,513,228,18496
2024,28,4,512,229,18725
2024,28,4,511,248,18973
2024,28,4,510,217,19190
2024,28,4,509,218,19408
2024,28,4,508,235,19643
2024,28,4,507,226,19869
2024,28,4,506,214,20083
2024,28,4,505,222,20305
2024,28,4,504,208,20513
2024,28,4,503,252,20765
2024,28,4,502,224,20989
2024,28,4,501,221,21210
2024,28,4,500,216,21426
2024,28,4,499,245,21671
2024,28,4,498,236,21907
2024,28,4,497,231,22138
2024,28,4,496,285,22423
2024,28,4,495,223,22646
2024,28,4,494,220,22866
2024,28,4,493,256,23122
2024,28,4,492,262,23384
2024,28,4,491,244,23628
2024,28,4,490,268,23896
2024,28,4,489,276,24172
2024,28,4,488,245,24417
2024,28,4,487,260,24677
2024,28,4,486,258,24935
2024,28,4,485,245,25180
2024,28,4,484,240,25420
2024,28,4,483,243,25663
2024,28,4,482,267,25930
2024,28,4,481,292,26222
2024,28,4,480,273,26495
2024,28,4,479,273,26768
2024,28,4,478,266,27034
2024,28,4,477,260,27294
2024,28,4,476,247,27541
2024,28,4,475,255,27796
2024,28,4,474,302,28098
2024,28,4,473,259,28357
2024,28,4,472,262,28619
2024,28,4,471,265,28884
2024,28,4,470,251,29135
2024,28,4,469,255,29390
2024,28,4,468,283,29673
2024,28,4,467,254,29927
2024,28,4,466,269,30196
2024,28,4,465,288,30484
2024,28,4,464,288,30772
2024,28,4,463,263,31035
2024,28,4,462,296,31331
2024,28,4,461,277,31608
2024,28,4,460,289,31897
2024,28,4,459,286,32183
2024,28,4,458,290,32473
2024,28,4,457,271,32744
2024,28,4,456,278,33022
2024,28,4,455,266,33288
2024,28,4,454,290,33578
2024,28,4,453,268,33846
2024,28,4,452,274,34120
2024,28,4,451,273,34393
2024,28,4,450,272,34665
2024,28,4,449,304,34969
2024,28,4,448,266,35235
2024,28,4,447,322,35557
2024,28,4,446,285,35842
2024,28,4,445,313,36155
2024,28,4,444,331,36486
2024,28,4,443,274,36760
2024,28,4,442,313,37073
2024,28,4,441,272,37345
2024,28,4,440,278,37623
2024,28,4,439,278,37901
2024,28,4,438,293,38194
2024,28,4,437,326,38520
2024,28,4,436,301,38821
2024,28,4,435,284,39105
2024,28,4,434,311,39416
2024,28,4,433,316,39732
2024,28,4,432,307,40039
2024,28,4,431,323,40362
2024,28,4,430,284,40646
2024,28,4,429,293,40939
2024,28,4,428,295,41234
2024,28,4,427,305,41539
2024,28,4,426,308,41847
2024,28,4,425,275,42122
2024,28,4,424,316,42438
2024,28,4,423,297,42735
2024,28,4,422,311,43046
2024,28,4,421,293,43339
2024,28,4,420,340,43679
2024,28,4,419,308,43987
2024,28,4,418,342,44329
2024,28,4,417,315,44644
2024,28,4,416,304,44948
2024,28,4,415,285,45233
2024,28,4,414,312,45545
2024,28,4,413,301,45846
2024,28,4,412,339,46185
2024,28,4,411,315,46500
2024,28,4,410,321,46821
2024,28,4,409,312,47133
2024,28,4,408,313,47446
2024,28,4,407,326,47772
2024,28,4,406,300,48072
2024,28,4,405,298,48370
2024,28,4,404,323,48693
2024,28,4,403,332,49025
2024,28,4,402,320,49345
2024,28,4,401,313,49658
2024,28,4,400,311,49969
2024,28,4,399,289,50258
2024,28,4,398,318,50576
2024,28,4,397,344,50920
2024,28,4,396,292,51212
2024,28,4,395,325,51537
2024,28,4,394,330,51867
2024,28,4,393,282,52149
2024,28,4,392,321,52470
2024,28,4,391,311,52781
2024,28,4,390,315,53096
2024,28,4,389,348,53444
2024,28,4,388,310,53754
2024,28,4,387,316,54070
2024,28,4,386,306,54376
2024,28,4,385,335,54711
2024,28,4,384,301,55012
2024,28,4,383,305,55317
2024,28,4,382,292,55609
2024,28,4,381,313,55922
2024,28,4,380,323,56245
2024,28,4,379,330,56575
2024,28,4,378,295,56870
2024,28,4,377,299,57169
2024,28,4,376,306,57475
2024,28,4,375,300,57775
2024,28,4,374,299,58074
2024,28,4,373,299,58373
2024,28,4,372,317,58690
2024,28,4,371,300,58990
2024,28,4,370,290,59280
2024,28,4,369,269,59549
2024,28,4,368,281,59830
2024,28,4,367,279,60109
2024,28,4,366,304,60413
2024,28,4,365,294,60707
2024,28,4,364,262,60969
2024,28,4,363,294,61263
2024,28,4,362,300,61563
2024,28,4,361,265,61828
2024,28,4,360,266,62094
2024,28,4,359,286,62380
2024,28,4,358,283,62663
2024,28,4,357,296,62959
2024,28,4,356,270,63229
2024,28,4,355,273,63502
2024,28,4,354,294,63796
2024,28,4,353,283,64079
2024,28,4,352,306,64385
2024,28,4,351,261,64646
2024,28,4,350,276,64922
2024,28,4,349,286,65208
2024,28,4,348,264,65472
2024,28,4,347,277,65749
2024,28,4,346,254,66003
2024,28,4,345,232,66235
2024,28,4,344,266,66501
2024,28,4,343,254,66755
2024,28,4,342,251,67006
2024,28,4,341,267,67273
2024,28,4,340,251,67524
2024,28,4,339,216,67740
2024,28,4,338,258,67998
2024,28,4,337,264,68262
2024,28,4,336,279,68541
2024,28,4,335,240,68781
2024,28,4,334,238,69019
2024,28,4,333,240,69259
2024,28,4,332,271,69530
2024,28,4,331,218,69748
2024,28,4,330,240,69988
2024,28,4,329,217,70205
2024,28,4,328,228,70433
2024,28,4,327,233,70666
2024,28,4,326,244,70910
2024,28,4,325,220,71130
2024,28,4,324,217,71347
2024,28,4,323,230,71577
2024,28,4,322,212,71789
2024,28,4,321,220,72009
2024,28,4,320,222,72231
2024,28,4,319,218,72449
2024,28,4,318,202,72651
2024,28,4,317,219,72870
2024,28,4,316,202,73072
2024,28,4,315,198,73270
2024,28,4,314,236,73506
2024,28,4,313,201,73707
2024,28,4,312,203,73910
2024,28,4,311,198,74108
2024,28,4,310,191,74299
2024,28,4,309,181,74480
2024,28,4,308,192,74672
2024,28,4,307,192,74864
2024,28,4,306,195,75059
2024,28,4,305,190,75249
2024,28,4,304,159,75408
2024,28,4,303,171,75579
2024,28,4,302,157,75736
2024,28,4,301,187,75923
2024,28,4,300,157,76080
2024,20,5,700,117,117
2024,20,5,699,15,132
2024,20,5,698,16,148
2024,20,5,697,17,165
2024,20,5,696,18,183
2024,20,5,695,19,202
2024,20,5,694,23,205
2024,20,5,693,26,251
2024,20,5,692,27,278
2024,20,5,691,49,327
2024,20,5,690,27,354
2024,20,5,689,30,384
2024,20,5,688,39,423
2024,20,5,687,25,448
2024,20,5,686,30,478
2024,20,5,685,44,520
2024,20,5,684,47,569
2024,20,5,683,56,625
2024,20,5,682,46,671
2024,20,5,681,51,720
2024,20,5,680,42,764
2024,20,5,679,49,813
2024,20,5,678,59,872
2024,20,5,677,60,932
2024,20,5,676,64,996
2024,20,5,675,81,1077
2024,20,5,674,61,1138
2024,20,5,673,66,1204
2024,20,5,672,57,1261
2024,20,5,671,82,1343
2024,20,5,670,77,1420
2024,20,5,669,58,1478
2024,20,5,668,79,1557
2024,20,5,667,60,1617
2024,20,5,666,87,1704
2024,20,5,665,72,1776
2024,20,5,664,84,1860
2024,20,5,663,89,1949
2024,20,5,662,87,2036
2024,20,5,661,82,2118
2024,20,5,660,105,2023
2024,20,5,659,79,2302
2024,20,5,658,93,2395
2024,20,5,657,96,2491
2024,20,5,656,101,2592
2024,20,5,655,95,2687
2024,20,5,654,89,2776
2024,20,5,653,100,2876
2024,20,5,652,100,2976
2024,20,5,651,89,3065
2024,20,5,650,111,3176
2024,20,5,649,91,3267
2024,20,5,648,115,3382
2024,20,5,647,120,3504
2024,20,5,646,107,3611
2024,20,5,645,115,3726
2024,20,5,644,118,3844
2024,20,5,643,136,3980
2024,20,5,642,128,4108
2024,20,5,641,131,4239
2024,20,5,640,126,4365
2024,20,5,639,113,4478
2024,20,5,638,155,4633
2024,20,5,637,156,4789
2024,20,5,636,140,4929
2024,20,5,635,126,5055
2024,20,5,634,121,5176
2024,20,5,633,131,5307
2024,20,5,632,160,5467
2024,20,5,631,156,5623
2024,20,5,630,160,5783
2024,20,5,629,142,5925
2024,20,5,628,160,6085
2024,20,5,627,130,6215
2024,20,5,626,165,6380
2024,20,5,625,166,6546
2024,20,5,624,147,6693
2024,20,5,623,155,6848
2024,20,5,620,153,7001
2024,20,5,621,171,7172
2024,20,5,620,170,7342
2024,20,5,619,149,7491
2024,20,5,618,160,7651
2024,20,5,617,156,7807
2024,20,5,616,173,7980
2024,20,5,615,172,8152
2024,20,5,614,142,8294
2024,20,5,613,178,8472
2024,20,5,612,188,8660
2024,20,5,611,182,8842
2024,20,5,610,180,9020
2024,20,5,609,157,9179
2024,20,5,608,154,9333
2024,20,5,607,166,9499
2024,20,5,606,179,9678
2024,20,5,605,172,9850
2024,20,5,604,191,10041
2024,20,5,603,172,10213
2024,20,5,602,170,10383
2024,20,5,601,202,10585
2024,20,5,600,202,10787
2024,20,5,599,193,10980
2024,20,5,598,177,11157
2024,20,5,597,191,11348
2024,20,5,596,200,11548
2024,20,5,595,177,11725
2024,20,5,594,182,11907
2024,20,5,593,188,12095
2024,20,5,592,168,12063
2024,20,5,591,170,12433
2024,20,5,590,181,12614
2024,20,5,589,180,12794
2024,20,5,588,186,12980
2024,20,5,587,214,13194
2024,20,5,586,213,13407
2024,20,5,585,203,13610
2024,20,5,584,187,13797
2024,20,5,583,206,14003
2024,20,5,582,195,14198
2024,20,5,581,204,14402
2024,20,5,580,194,14596
2024,20,5,579,216,14812
2024,20,5,578,201,15033
2024,20,5,577,191,15204
2024,20,5,576,204,15428
2024,20,5,575,210,15638
2024,20,5,574,201,15859
2024,20,5,573,210,16069
2024,20,5,572,198,16267
2024,20,5,571,214,16481
2024,20,5,570,177,16658
2024,20,5,569,205,16863
2024,20,5,568,238,17101
2024,20,5,567,198,17299
2024,20,5,566,210,17509
2024,20,5,565,219,17728
2024,20,5,564,230,17958
2024,20,5,563,217,18175
2024,20,5,562,200,18395
2024,20,5,561,171,18566
2024,20,5,560,206,18792
2024,20,5,559,191,18983
2024,20,5,558,212,19195
2024,20,5,557,207,19420
2024,20,5,556,237,19659
2024,20,5,555,208,19867
2024,20,5,554,219,20086
2024,20,5,553,205,20311
2024,20,5,552,213,20524
2024,20,5,551,205,20749
2024,20,5,550,241,20990
2024,20,5,549,208,21198
2024,20,5,548,235,21433
2024,20,5,547,206,21659
2024,20,5,546,202,21881
2024,20,5,545,193,20074
2024,20,5,544,204,20278
2024,20,5,543,198,20476
2024,20,5,542,219,20695
2024,20,5,541,200,20915
2024,20,5,540,207,23120
2024,20,5,539,243,23365
2024,20,5,538,242,23607
2024,20,5,537,217,23824
2024,20,5,536,208,24052
2024,20,5,535,204,24276
2024,20,5,534,217,24493
2024,20,5,533,253,24746
2024,20,5,532,230,24976
2024,20,5,531,206,25202
2024,20,5,530,212,25414
2024,20,5,529,216,25630
2024,20,5,528,212,25842
2024,20,5,527,203,26065
2024,20,5,526,200,26285
2024,20,5,525,261,26546
2024,20,5,524,206,26772
2024,20,5,523,204,26996
2024,20,5,520,238,27234
2024,20,5,521,259,27493
2024,20,5,520,235,27728
2024,20,5,519,213,27941
2024,20,5,518,206,28167
2024,20,5,517,250,28417
2024,20,5,516,205,28620
2024,20,5,515,208,28850
2024,20,5,514,233,29083
2024,20,5,513,234,29317
2024,20,5,512,233,29550
2024,20,5,511,201,29771
2024,20,5,510,213,29984
2024,20,5,509,193,30177
2024,20,5,508,207,30404
2024,20,5,507,248,30652
2024,20,5,506,204,30876
2024,20,5,505,245,31121
2024,20,5,504,247,31368
2024,20,5,503,206,31574
2024,20,5,502,200,31794
2024,20,5,501,217,32011
2024,20,5,500,197,32008
2024,20,5,499,235,32443
2024,20,5,498,204,32667
2024,20,5,497,240,32907
2024,20,5,496,200,33127
2024,20,5,495,207,33354
2024,20,5,494,218,33572
2024,20,5,493,200,33792
2024,20,5,492,215,34007
2024,20,5,491,209,34236
2024,20,5,490,206,34462
2024,20,5,489,209,34671
2024,20,5,488,205,34896
2024,20,5,487,232,35128
2024,20,5,486,210,35338
2024,20,5,485,211,35549
2024,20,5,484,207,35756
2024,20,5,483,175,35931
2024,20,5,482,207,36158
2024,20,5,481,210,36368
2024,20,5,480,194,36562
2024,20,5,479,231,36793
2024,20,5,478,204,36997
2024,20,5,477,197,37194
2024,20,5,476,213,37407
2024,20,5,475,185,37592
2024,20,5,474,215,37807
2024,20,5,473,217,38024
2024,20,5,472,208,38232
2024,20,5,471,213,38445
2024,20,5,470,190,38635
2024,20,5,469,156,38791
2024,20,5,468,206,38997
2024,20,5,467,206,39203
2024,20,5,466,187,39390
2024,20,5,465,200,39590
2024,20,5,464,184,39774
2024,20,5,463,197,39971
2024,20,5,462,179,40150
2024,20,5,461,168,40318
2024,20,5,460,195,40513
2024,20,5,459,203,40716
2024,20,5,458,174,40890
2024,20,5,457,182,41072
2024,20,5,456,183,41255
2024,20,5,455,173,41428
2024,20,5,454,176,41604
2024,20,5,453,200,41804
2024,20,5,452,167,41971
2024,20,5,451,174,42145
2024,20,5,450,169,42314
2024,20,5,449,166,42480
2024,20,5,448,198,42678
2024,20,5,447,168,42846
2024,20,5,446,176,43020
2024,20,5,445,161,43183
2024,20,5,444,186,43369
2024,20,5,443,161,43530
2024,20,5,442,155,43685
2024,20,5,441,168,43853
2024,20,5,440,167,44020
2024,20,5,439,157,44177
2024,20,5,438,170,44347
2024,20,5,437,156,44503
2024,20,5,436,149,44652
2024,20,5,435,137,44789
2024,20,5,434,134,44923
2024,20,5,433,130,45053
2024,20,5,432,161,45214
2024,20,5,431,140,45354
2024,20,5,430,167,45521
2024,20,5,429,149,45670
2024,20,5,428,145,45815
2024,20,5,427,165,45980
2024,20,5,426,132,46112
2024,20,5,425,147,46259
2024,20,5,424,154,46413
2024,20,5,423,140,46553
2024,20,5,420,123,46676
2024,20,5,421,115,46791
2024,20,5,420,130,46921
2024,20,5,419,127,47048
2024,20,5,418,129,47177
2024,20,5,417,128,47305
2024,20,5,416,113,47418
2024,20,5,415,115,47533
2024,20,5,414,112,47645
2024,20,5,413,116,47761
2024,20,5,412,110,47871
2024,20,5,411,120,47993
2024,20,5,410,98,48091
2024,20,5,409,113,48204
2024,20,5,408,120,48326
2024,20,5,407,118,48444
2024,20,5,406,120,48564
2024,20,5,405,124,48688
2024,20,5,404,112,48800
2024,20,5,403,92,48892
2024,20,5,402,104,48996
2024,20,5,401,127,49123
2024,20,5,400,107,49230
2024,20,5,399,983,50213
2024,20,5,389,848,51061
2024,20,5,379,787,51848
2024,20,5,369,689,52537
2024,20,5,359,555,53092
2024,20,5,349,527,53619
2024,20,5,339,405,54024
2024,20,5,329,348,54372
2024,20,5,319,284,54656
2024,20,5,309,256,54912
2024,20,5,299,192,55104
2024,20,5,289,158,55262
2024,20,5,279,145,55407
2024,20,5,269,104,55511
2024,20,5,259,69,55580
2024,20,5,249,70,55650
2024,20,5,239,50,55700
2024,20,5,209,27,55727
2024,20,5,219,24,55751
2024,20,5,209,27,55778
2024,20,5,199,17,55795
2024,18,2,640,125,127
2024,18,2,630,109,236
2024,18,2,620,150,386
2024,18,2,610,220,606
2024,18,2,600,241,847
2024,18,2,590,309,1156
2024,18,2,580,380,1536
2024,18,2,570,494,2030
2024,18,2,560,549,2579
2024,18,2,550,597,3176
2024,18,2,540,694,3870
2024,18,2,530,738,4608
2024,18,2,520,815,5423
2024,18,2,510,861,6284
2024,18,2,500,966,7250
2024,18,2,490,983,8233
2024,18,2,480,1064,9297
2024,18,2,470,1121,10418
2024,18,2,460,1158,11576
2024,18,2,450,1187,12763
2024,18,2,440,1194,13957
2024,18,2,430,1238,15195
2024,18,2,420,1266,16461
2024,18,2,410,1233,17694
2024,18,2,400,1209,18903
2024,18,2,390,1234,20137
2024,18,2,380,1212,21349
2024,18,2,370,1177,22526
2024,18,2,360,1109,23635
2024,18,2,350,1083,24718
2024,18,2,340,987,25705
2024,18,2,330,900,26605
2024,18,2,320,748,27353
2024,18,2,310,662,28015
2024,18,2,300,529,28544
2024,18,2,290,400,28944
2024,18,2,280,355,29299
2024,18,2,270,289,29588
2024,18,2,260,255,29843
2024,18,2,250,217,30060
2024,18,2,240,160,30220
2024,18,2,230,148,30368
2024,18,2,220,132,30500
2024,18,2,210,105,30605
2024,18,2,200,81,30686
2024,18,2,190,62,30748
2024,18,2,180,48,30796
2024,18,2,170,35,30831
2024,18,2,160,22,30853
2024,18,2,150,19,30872
2024,18,2,140,21,30893
2024,18,2,130,10,30903
2024,18,2,120,5,30908
2024,18,2,110,5,30913
2024,18,2,100,7,30920
2024,18,2,90,4,30924
2024,18,2,80,6,30930
2024,18,2,70,8,30938
2024,18,2,60,6,30944
2024,18,2,50,8,30952
2024,18,2,40,8,30960
2024,18,2,30,2,30962
2024,18,2,20,5,30967
2024,18,2,10,1,30968
2024,18,2,0,1375,32343
,,,,,
,,,,,
,,,,,
,,,,,
,,,,,
2024,18,1,690,125,125
2024,18,1,680,165,290
2024,18,1,670,265,555
2024,18,1,660,366,921
2024,18,1,650,535,1456
2024,18,1,640,683,2139
2024,18,1,630,753,2892
2024,18,1,620,1003,3895
2024,18,1,610,1156,5051
2024,18,1,600,1311,6362
2024,18,1,590,1409,7771
2024,18,1,580,1599,9370
2024,18,1,570,1750,11120
2024,18,1,560,1835,12955
2024,18,1,550,1971,14926
2024,18,1,540,2057,16983
2024,18,1,530,2156,19139
2024,18,1,520,2283,21422
2024,18,1,510,2442,23864
2024,18,1,500,2574,26438
2024,18,1,490,2701,29139
2024,18,1,480,2730,31869
2024,18,1,470,2720,34589
2024,18,1,460,2789,37378
2024,18,1,450,2788,40166
2024,18,1,440,2936,43102
2024,18,1,430,2817,45919
2024,18,1,420,2957,48876
2024,18,1,410,2930,51806
2024,18,1,400,2914,54720
2024,18,1,390,2839,57559
2024,18,1,380,2707,60266
2024,18,1,370,2615,62881
2024,18,1,360,2529,65410
2024,18,1,350,2395,67805
2024,18,1,340,2175,69980
2024,18,1,330,2083,72063
2024,18,1,320,1863,73926
2024,18,1,310,1689,75615
2024,18,1,300,1526,77141
2024,18,1,290,1249,78390
2024,18,1,280,1086,79476
2024,18,1,270,878,80354
2024,18,1,260,722,81076
2024,18,1,250,571,81647
2024,18,1,240,450,82097
2024,18,1,230,333,82430
2024,18,1,220,241,82671
2024,18,1,210,197,82868
2024,18,1,200,129,82997
2024,18,1,190,91,83088
2024,18,1,180,52,83140
2024,18,1,170,31,83171
2024,18,1,160,30,83201
2024,18,1,150,25,83226
2024,18,1,140,10,83236
2024,18,1,130,4,83240
2024,18,1,120,11,83251
2024,18,1,110,4,83255
2024,18,1,100,6,83261
2024,18,1,90,3,83264
2024,18,1,80,4,83268
2024,18,1,70,4,83272
2024,18,1,60,12,83284
2024,18,1,50,5,83289
2024,18,1,40,5,83294
2024,18,1,30,2,83296
2024,18,1,20,3,83299
2024,18,1,10,7,83306
2024,18,1,0,878,84184
2024,27,2,639,4,34
2024,27,2,638,4,38
2024,27,2,637,6,44
2024,27,2,636,5,49
2024,27,2,635,12,61
2024,27,2,634,14,75
2024,27,2,633,5,80
2024,27,2,632,14,94
2024,27,2,631,4,98
2024,27,2,630,11,109
2024,27,2,629,19,128
2024,27,2,628,14,142
2024,27,2,627,18,160
2024,27,2,626,15,175
2024,27,2,625,28,203
2024,27,2,624,19,222
2024,27,2,623,25,247
2024,27,2,622,15,262
2024,27,2,621,25,287
2024,27,2,620,34,321
2024,27,2,619,26,347
2024,27,2,618,25,372
2024,27,2,617,26,398
2024,27,2,616,34,432
2024,27,2,615,32,464
2024,27,2,614,37,501
2024,27,2,613,51,552
2024,27,2,612,48,600
2024,27,2,611,40,640
2024,27,2,610,48,688
2024,27,2,609,53,741
2024,27,2,608,55,796
2024,27,2,607,52,848
2024,27,2,606,50,898
2024,27,2,605,71,969
2024,27,2,604,73,1042
2024,27,2,603,60,1102
2024,27,2,602,68,1170
2024,27,2,601,77,1247
2024,27,2,600,72,1319
2024,27,2,599,71,1390
2024,27,2,598,86,1476
2024,27,2,597,89,1565
2024,27,2,596,92,1657
2024,27,2,595,94,1751
2024,27,2,594,100,1851
2024,27,2,593,97,1948
2024,27,2,592,105,2053
2024,27,2,591,105,2158
2024,27,2,590,118,2276
2024,27,2,589,106,2382
2024,27,2,588,127,2509
2024,27,2,587,120,2629
2024,27,2,586,119,2748
2024,27,2,585,136,2884
2024,27,2,584,130,3014
2024,27,2,583,136,3150
2024,27,2,582,134,3284
2024,27,2,581,161,3445
2024,27,2,580,119,3564
2024,27,2,579,163,3727
2024,27,2,578,152,3879
2024,27,2,577,173,4052
2024,27,2,576,161,4213
2024,27,2,575,166,4379
2024,27,2,574,182,4561
2024,27,2,573,194,4755
2024,27,2,572,184,4939
2024,27,2,571,178,5117
2024,27,2,570,182,5299
2024,27,2,569,205,5504
2024,27,2,568,218,5722
2024,27,2,567,212,5934
2024,27,2,566,247,6181
2024,27,2,565,236,6417
2024,27,2,564,224,6641
2024,27,2,563,252,6893
2024,27,2,562,239,7132
2024,27,2,561,243,7375
2024,27,2,560,275,7650
2024,27,2,559,262,7912
2024,27,2,558,295,8207
2024,27,2,557,305,8512
2024,27,2,556,324,8836
2024,27,2,555,317,9153
2024,27,2,554,309,9462
2024,27,2,553,350,9812
2024,27,2,552,349,10161
2024,27,2,551,327,10488
2024,27,2,550,316,10804
2024,27,2,549,362,11166
2024,27,2,548,376,11542
2024,27,2,547,399,11941
2024,27,2,546,420,12361
2024,27,2,545,387,12748
2024,27,2,544,451,13199
2024,27,2,543,392,13591
2024,27,2,542,398,13989
2024,27,2,541,437,14426
2024,27,2,540,419,14845
2024,27,2,539,489,15334
2024,27,2,538,427,15761
2024,27,2,537,475,16236
2024,27,2,536,474,16710
2024,27,2,535,513,17223
2024,27,2,534,496,17719
2024,27,2,533,538,18257
2024,27,2,532,490,18747
2024,27,2,531,525,19272
2024,27,2,530,558,19830
2024,27,2,529,543,20373
2024,27,2,528,512,20885
2024,27,2,527,509,21394
2024,27,2,526,588,21982
2024,27,2,525,566,22548
2024,27,2,524,579,23127
2024,27,2,523,552,23679
2024,27,2,522,539,24218
2024,27,2,521,637,24855
2024,27,2,520,586,25441
2024,27,2,519,607,26048
2024,27,2,518,625,26673
2024,27,2,517,632,27305
2024,27,2,516,664,27969
2024,27,2,515,713,28682
2024,27,2,514,745,29427
2024,27,2,513,645,30072
2024,27,2,512,686,30758
2024,27,2,511,706,31464
2024,27,2,510,706,32170
2024,27,2,509,679,32849
2024,27,2,508,740,33589
2024,27,2,507,739,34328
2024,27,2,506,706,35034
2024,27,2,505,709,35743
2024,27,2,504,741,36484
2024,27,2,503,814,37298
2024,27,2,502,742,38040
2024,27,2,501,797,38837
2024,27,2,500,781,39618
2024,27,2,499,752,40370
2024,27,2,498,811,41181
2024,27,2,497,808,41989
2024,27,2,496,822,42811
2024,27,2,494,787,44438
2024,27,2,493,870,45308
2024,27,2,492,798,46106
2024,27,2,491,875,46981
2024,27,2,490,848,47829
2024,27,2,489,863,48692
2024,27,2,488,873,49565
2024,27,2,487,903,50468
2024,27,2,486,879,51347
2024,27,2,485,837,52184
2024,27,2,484,867,53051
2024,27,2,483,873,53924
2024,27,2,482,893,54817
2024,27,2,481,896,55713
2024,27,2,480,833,56546
2024,27,2,479,896,57442
2024,27,2,478,904,58346
2024,27,2,477,845,59191
2024,27,2,476,927,60118
2024,27,2,475,923,61041
2024,27,2,474,850,61891
2024,27,2,473,869,62760
2024,27,2,472,921,63681
2024,27,2,471,875,64556
2024,27,2,470,889,65445
2024,27,2,469,901,66346
2024,27,2,468,925,67271
2024,27,2,467,889,68160
2024,27,2,466,881,69041
2024,27,2,465,863,69904
2024,27,2,464,849,70753
2024,27,2,463,845,71598
2024,27,2,462,872,72470
2024,27,2,461,884,73354
2024,27,2,460,859,74213
2024,27,2,459,853,75066
2024,27,2,458,867,75933
2024,27,2,457,880,76813
2024,27,2,456,819,77632
2024,27,2,455,846,78478
2024,27,2,454,851,79329
2024,27,2,453,810,80139
2024,27,2,452,816,80955
2024,27,2,451,772,81727
2024,27,2,450,870,82597
2024,27,2,449,786,83383
2024,27,2,448,786,84169
2024,27,2,447,853,85022
2024,27,2,446,842,85864
2024,27,2,445,803,86667
2024,27,2,444,843,87510
2024,27,2,443,829,88339
2024,27,2,442,807,89146
2024,27,2,441,748,89894
2024,27,2,440,840,90734
2024,27,2,439,833,91567
2024,27,2,438,826,92393
2024,27,2,437,829,93222
2024,27,2,436,770,93992
2024,27,2,435,762,94754
2024,27,2,434,811,95565
2024,27,2,433,779,96344
2024,27,2,432,856,97200
2024,27,2,431,811,98011
2024,27,2,430,761,98772
2024,27,2,429,763,99535
2024,27,2,428,749,100284
2024,27,2,427,760,101044
2024,27,2,426,803,101847
2024,27,2,425,796,102643
2024,27,2,424,824,103467
2024,27,2,423,759,104226
2024,27,2,422,774,105000
2024,27,2,421,746,105746
2024,27,2,420,797,106543
2024,27,2,419,782,107325
2024,27,2,418,757,108082
2024,27,2,417,758,108840
2024,27,2,416,779,109619
2024,27,2,415,765,110384
2024,27,2,414,818,111202
2024,27,2,413,736,111938
2024,27,2,412,782,112720
2024,27,2,411,800,113520
2024,27,2,410,759,114279
2024,27,2,409,784,115063
2024,27,2,408,/51,115814
2024,27,2,407,765,116579
2024,27,2,406,758,117337
2024,27,2,405,695,118032
2024,27,2,404,746,118778
2024,27,2,403,771,119549
2024,27,2,402,737,120286
2024,27,2,401,695,120981
2024,27,2,400,740,121721
2024,27,2,399,746,122467
2024,27,2,398,757,123224
2024,27,2,397,714,123938
2024,27,2,396,753,124691
2024,27,2,395,728,125419
2024,27,2,394,711,126130
2024,27,2,393,744,126874
2024,27,2,392,712,127586
2024,27,2,391,756,128342
2024,27,2,390,724,129066
2024,27,2,389,726,129792
2024,27,2,388,783,130575
2024,27,2,387,750,131325
2024,27,2,386,725,132050
2024,27,2,385,742,132792
2024,27,2,384,725,133517
2024,27,2,383,701,134218
2024,27,2,382,761,134979
2024,27,2,381,700,135679
2024,27,2,380,730,136409
2024,27,2,379,691,137100
2024,27,2,378,757,137857
2024,27,2,377,711,138568
2024,27,2,376,764,139332
2024,27,2,375,700,140032
2024,27,2,374,759,140791
2024,27,2,373,743,141534
2024,27,2,372,737,142271
2024,27,2,371,727,142998
2024,27,2,370,689,143687
2024,27,2,369,712,144399
2024,27,2,368,712,145111
2024,27,2,367,671,145782
2024,27,2,366,677,146459
2024,27,2,365,683,147142
2024,27,2,364,698,147840
2024,27,2,363,706,148546
2024,27,2,362,700,149246
2024,27,2,361,665,149911
2024,27,2,360,634,150545
2024,27,2,359,661,151206
2024,27,2,358,622,151828
2024,27,2,357,641,152469
2024,27,2,356,657,153126
2024,27,2,355,690,153816
2024,27,2,354,654,154470
2024,27,2,353,673,155143
2024,27,2,352,595,155738
2024,27,2,351,662,156400
2024,27,2,350,655,157055
2024,27,2,349,597,157652
2024,27,2,348,618,158270
2024,27,2,347,606,158876
2024,27,2,346,585,159461
2024,27,2,345,621,160082
2024,27,2,344,582,160664
2024,27,2,343,578,161242
2024,27,2,342,580,161822
2024,27,2,341,553,162375
2024,27,2,340,573,162948
2024,27,2,339,521,163469
2024,27,2,338,563,164032
2024,27,2,337,588,164620
2024,27,2,336,580,165200
2024,27,2,335,580,165780
2024,27,2,334,557,166337
2024,27,2,333,542,166879
2024,27,2,332,542,167421
2024,27,2,331,540,167961
2024,27,2,330,533,168494
2024,27,2,329,543,169037
2024,27,2,328,497,169534
2024,27,2,327,481,170015
2024,27,2,326,507,170522
2024,27,2,325,517,171039
2024,27,2,324,485,171524
2024,27,2,323,481,172005
2024,27,2,322,438,172443
2024,27,2,321,450,172893
2024,27,2,320,458,173351
2024,27,2,319,444,173795
2024,27,2,318,462,174257
2024,27,2,317,418,174675
2024,27,2,316,435,175110
2024,27,2,315,451,175561
2024,27,2,314,440,176001
2024,27,2,313,439,176440
2024,27,2,312,389,176829
2024,27,2,311,390,177219
2024,27,2,310,401,177620
2024,27,2,309,373,177993
2024,27,2,308,406,178399
2024,27,2,307,386,178785
2024,27,2,306,403,179188
2024,27,2,305,368,179556
2024,27,2,304,385,179941
2024,27,2,303,345,180286
2024,27,2,302,400,180686
2024,27,2,301,373,181059
2024,27,2,300,370,181429
2024,27,1,699,51,51
2024,27,1,698,12,63
2024,27,1,697,14,77
2024,27,1,696,8,85
2024,27,1,695,9,94
2024,27,1,694,16,110
2024,27,1,693,21,131
2024,27,1,692,21,152
2024,27,1,691,14,166
2024,27,1,690,30,196
2024,27,1,689,32,228
2024,27,1,688,30,258
2024,27,1,687,33,291
2024,27,1,686,25,316
2024,27,1,685,53,369
2024,27,1,684,35,404
2024,27,1,683,42,446
2024,27,1,682,57,503
2024,27,1,681,57,560
2024,27,1,680,58,618
2024,27,1,679,53,671
2024,27,1,678,70,741
2024,27,1,677,78,819
2024,27,1,676,75,894
2024,27,1,675,72,966
2024,27,1,674,81,1047
2024,27,1,673,87,1134
2024,27,1,672,116,1250
2024,27,1,671,85,1335
2024,27,1,670,106,1441
2024,27,1,669,122,1563
2024,27,1,668,106,1669
2024,27,1,667,117,1786
2024,27,1,666,129,1915
2024,27,1,665,131,2046
2024,27,1,664,122,2168
2024,27,1,663,130,2298
2024,27,1,662,158,2456
2024,27,1,661,160,2616
2024,27,1,660,156,2772
2024,27,1,659,166,2938
2024,27,1,658,192,3130
2024,27,1,657,182,3312
2024,27,1,656,173,3485
2024,27,1,655,180,3665
2024,27,1,654,194,3859
2024,27,1,653,213,4072
2024,27,1,652,242,4314
2024,27,1,651,214,4528
2024,27,1,650,231,4759
2024,27,1,649,229,4988
2024,27,1,648,223,5211
2024,27,1,647,233,5444
2024,27,1,646,261,5705
2024,27,1,645,271,5976
2024,27,1,644,264,6240
2024,27,1,643,290,6530
2024,27,1,642,284,6814
2024,27,1,641,295,7109
2024,27,1,640,303,7412
2024,27,1,639,272,7684
2024,27,1,638,313,7997
2024,27,1,637,320,8317
2024,27,1,636,315,8632
2024,27,1,635,338,8970
2024,27,1,634,346,9316
2024,27,1,633,356,9672
2024,27,1,632,352,10024
2024,27,1,631,389,10413
2024,27,1,630,363,10776
2024,27,1,629,429,11205
2024,27,1,628,385,11590
2024,27,1,627,372,11962
2024,27,1,626,432,12394
2024,27,1,625,431,12825
2024,27,1,624,420,13245
2024,27,1,623,457,13702
2024,27,1,622,462,14164
2024,27,1,621,468,14632
2024,27,1,620,458,15090
2024,27,1,619,472,15562
2024,27,1,618,465,16027
2024,27,1,617,524,16551
2024,27,1,616,513,17064
2024,27,1,615,499,17563
2024,27,1,614,550,18113
2024,27,1,613,512,18625
2024,27,1,612,568,19193
2024,27,1,611,573,19766
2024,27,1,610,555,20321
2024,27,1,609,506,20827
2024,27,1,608,556,21383
2024,27,1,607,573,21956
2024,27,1,606,567,22523
2024,27,1,605,590,23113
2024,27,1,604,595,23708
2024,27,1,603,615,24323
2024,27,1,602,641,24964
2024,27,1,601,637,25601
2024,27,1,600,639,26240
2024,27,1,599,643,26883
2024,27,1,598,643,27526
2024,27,1,597,722,28248
2024,27,1,596,681,28929
2024,27,1,595,667,29596
2024,27,1,594,726,30322
2024,27,1,593,680,31002
2024,27,1,592,691,31693
2024,27,1,591,777,32470
2024,27,1,590,775,33245
2024,27,1,589,746,33991
2024,27,1,588,799,34790
2024,27,1,587,747,35537
2024,27,1,586,801,36338
2024,27,1,585,750,37088
2024,27,1,584,823,37911
2024,27,1,583,808,38719
2024,27,1,582,785,39504
2024,27,1,581,863,40367
2024,27,1,580,827,41194
2024,27,1,579,860,42054
2024,27,1,578,887,42941
2024,27,1,577,869,43810
2024,27,1,576,873,44683
2024,27,1,575,896,45579
2024,27,1,574,926,46505
2024,27,1,573,946,47451
2024,27,1,572,886,48337
2024,27,1,571,894,49231
2024,27,1,570,890,50121
2024,27,1,569,914,51035
2024,27,1,568,965,52000
2024,27,1,567,970,52970
2024,27,1,566,959,53929
2024,27,1,565,960,54889
2024,27,1,564,1012,55901
2024,27,1,563,1008,56909
2024,27,1,562,1003,57912
2024,27,1,561,1006,58918
2024,27,1,560,1067,59985
2024,27,1,559,1015,61000
2024,27,1,558,1014,62014
2024,27,1,557,980,62994
2024,27,1,556,1026,64020
2024,27,1,555,1038,65058
2024,27,1,554,1089,66147
2024,27,1,553,1063,67210
2024,27,1,552,1109,68319
2024,27,1,551,1089,69408
2024,27,1,550,1165,70573
2024,27,1,549,1172,71745
2024,27,1,548,1116,72861
2024,27,1,547,1176,74037
2024,27,1,546,1099,75136
2024,27,1,545,1211,76347
2024,27,1,544,1121,77468
2024,27,1,543,1156,78624
2024,27,1,542,1137,79761
2024,27,1,541,1256,81017
2024,27,1,540,1139,82156
2024,27,1,539,1198,83354
2024,27,1,538,1256,84610
2024,27,1,537,1196,85806
2024,27,1,536,1197,87003
2024,27,1,535,1278,88281
2024,27,1,534,1245,89526
2024,27,1,533,1213,90739
2024,27,1,532,1278,92017
2024,27,1,531,1298,93315
2024,27,1,530,1313,94628
2024,27,1,529,1216,95844
2024,27,1,528,1362,97206
2024,27,1,527,1258,98464
2024,27,1,526,1349,99813
2024,27,1,525,1282,101095
2024,27,1,524,1325,102420
2024,27,1,523,1348,103768
2024,27,1,522,1403,105171
2024,27,1,521,1339,106510
2024,27,1,520,1320,107830
2024,27,1,519,1369,109199
2024,27,1,518,1344,110543
2024,27,1,517,1357,111900
2024,27,1,516,1361,113261
2024,27,1,515,1349,114610
2024,27,1,514,1362,115972
2024,27,1,513,1365,117337
2024,27,1,512,1404,118741
2024,27,1,511,1401,120142
2024,27,1,510,1332,121474
2024,27,1,509,1407,122881
2024,27,1,508,1414,124295
2024,27,1,507,1433,125728
2024,27,1,506,1431,127159
2024,27,1,505,1464,128623
2024,27,1,504,1420,130043
2024,27,1,503,1443,131486
2024,27,1,502,1465,132951
2024,27,1,501,1428,134379
2024,27,1,500,1479,135858
2024,27,1,499,1411,137269
2024,27,1,498,1572,138841
2024,27,1,497,1476,140317
2024,27,1,496,1469,141786
2024,27,1,495,1503,143289
2024,27,1,494,1435,144724
2024,27,1,493,1435,146159
2024,27,1,492,1439,147598
2024,27,1,491,1482,149080
2024,27,1,490,1377,150457
2024,27,1,489,1434,151891
2024,27,1,488,1445,153336
2024,27,1,487,1496,154832
2024,27,1,486,1418,156250
2024,27,1,485,1406,157656
2024,27,1,484,1404,159060
2024,27,1,483,1474,160534
2024,27,1,482,1451,161985
2024,27,1,481,1484,163469
2024,27,1,480,1389,164858
2024,27,1,479,1488,166346
2024,27,1,478,1378,167724
2024,27,1,477,1373,169097
2024,27,1,476,1442,170539
2024,27,1,475,1410,171949
2024,27,1,474,1473,173422
2024,27,1,473,1410,174832
2024,27,1,472,1421,176253
2024,27,1,471,1470,177723
2024,27,1,470,1419,179142
2024,27,1,469,1439,180581
2024,27,1,468,1440,182021
2024,27,1,467,1350,183371
2024,27,1,466,1285,184656
2024,27,1,465,1404,186060
2024,27,1,464,1334,187394
2024,27,1,463,1416,188810
2024,27,1,462,1284,190094
2024,27,1,461,1356,191450
2024,27,1,460,1316,192766
2024,27,1,459,1321,194087
2024,27,1,458,1283,195370
2024,27,1,457,1255,196625
2024,27,1,456,1296,197921
2024,27,1,455,1256,199177
2024,27,1,454,1283,200460
2024,27,1,453,1248,201708
2024,27,1,452,1339,203047
2024,27,1,451,1270,204317
2024,27,1,450,1184,205501
2024,27,1,449,1273,206774
2024,27,1,448,1224,207998
2024,27,1,447,1186,209184
2024,27,1,446,1210,210394
2024,27,1,445,1167,211561
2024,27,1,444,1217,212778
2024,27,1,443,1185,213963
2024,27,1,442,1142,215105
2024,27,1,441,1102,216207
2024,27,1,440,1093,217300
2024,27,1,439,1128,218428
2024,27,1,438,1045,219473
2024,27,1,437,1120,220593
2024,27,1,436,1124,221717
2024,27,1,435,1016,222733
2024,27,1,434,1061,223794
2024,27,1,433,1042,224836
2024,27,1,432,1062,225898
2024,27,1,431,1015,226913
2024,27,1,430,993,227906
2024,27,1,429,982,228888
2024,27,1,428,1001,229889
2024,27,1,427,930,230819
2024,27,1,426,958,231777
2024,27,1,425,964,232741
2024,27,1,424,942,233683
2024,27,1,423,960,234643
2024,27,1,422,851,235494
2024,27,1,421,901,236395
2024,27,1,420,852,237247
2024,27,1,419,882,238129
2024,27,1,418,838,238967
2024,27,1,417,880,239847
2024,27,1,416,863,240710
2024,27,1,415,884,241594
2024,27,1,414,869,242463
2024,27,1,413,850,243313
2024,27,1,412,809,244122
2024,27,1,411,765,244887
2024,27,1,410,756,245643
2024,27,1,409,752,246395
2024,27,1,408,779,247174
2024,27,1,407,731,247905
2024,27,1,406,771,248676
2024,27,1,405,728,249404
2024,27,1,404,738,250142
2024,27,1,403,725,250867
2024,27,1,402,702,251569
2024,27,1,401,689,252258
2024,27,1,400,671,252929
2024,27,1,399,676,253605
2024,27,1,398,670,254275
2024,27,1,397,672,254947
2024,27,1,396,604,255551
2024,27,1,395,623,256174
2024,27,1,394,665,256839
2024,27,1,393,653,257492
2024,27,1,392,625,258117
2024,27,1,391,622,258739
2024,27,1,390,601,259340
2024,27,1,389,578,259918
2024,27,1,388,599,260517
2024,27,1,387,596,261113
2024,27,1,386,574,261687
2024,27,1,385,583,262270
2024,27,1,384,570,262840
2024,27,1,383,540,263380
2024,27,1,382,560,263940
2024,27,1,381,548,264488
2024,27,1,380,538,265026
2024,27,1,379,540,265566
2024,27,1,378,534,266100
2024,27,1,377,473,266573
2024,27,1,376,489,267062
2024,27,1,375,453,267515
2024,27,1,374,464,267979
2024,27,1,373,469,268448
2024,27,1,372,461,268909
2024,27,1,371,425,269334
2024,27,1,370,467,269801
2024,27,1,369,435,270236
2024,27,1,368,430,270666
2024,27,1,367,438,271104
2024,27,1,366,429,271533
2024,27,1,365,454,271987
2024,27,1,364,432,272419
2024,27,1,363,425,272844
2024,27,1,362,424,273268
2024,27,1,361,400,273668
2024,27,1,360,420,274088
2024,27,1,359,399,274487
2024,27,1,358,404,274891
2024,27,1,357,415,275306
2024,27,1,356,404,275710
2024,27,1,355,391,276101
2024,27,1,354,381,276482
2024,27,1,353,358,276840
2024,27,1,352,351,277191
2024,27,1,351,348,277539
2024,27,1,350,335,277874
2024,27,1,349,328,278202
2024,27,1,348,310,278512
2024,27,1,347,336,278848
2024,27,1,346,338,279186
2024,27,1,345,352,279538
2024,27,1,344,342,279880
2024,27,1,343,354,280234
2024,27,1,342,342,280576
2024,27,1,341,334,280910
2024,27,1,340,296,281206
2024,27,1,339,316,281522
2024,27,1,338,314,281836
2024,27,1,337,299,282135
2024,27,1,336,331,282466
2024,27,1,335,295,282761
2024,27,1,334,278,283039
2024,27,1,333,299,283338
2024,27,1,332,267,283605
2024,27,1,331,278,283883
2024,27,1,330,288,284171
2024,27,1,329,254,284425
2024,27,1,328,229,284654
2024,27,1,327,243,284897
2024,27,1,326,259,285156
2024,27,1,325,271,285427
2024,27,1,324,284,285711
2024,27,1,323,260,285971
2024,27,1,322,247,286218
2024,27,1,321,218,286436
2024,27,1,320,259,286695
2024,27,1,319,233,286928
2024,27,1,318,219,287147
2024,27,1,317,228,287375
2024,27,1,316,216,287591
2024,27,1,315,232,287823
2024,27,1,314,248,288071
2024,27,1,313,244,288315
2024,27,1,312,208,288523
2024,27,1,311,219,288742
2024,27,1,310,251,288993
2024,27,1,309,210,289203
2024,27,1,308,215,289418
2024,27,1,307,203,289621
2024,27,1,306,194,289815
2024,27,1,305,206,290021
2024,27,1,304,213,290234
2024,27,1,303,219,290453
2024,27,1,302,198,290651
2024,27,1,301,207,290858
2024,27,1,300,180,291038
2024,2,5,680,41,389
2024,2,5,679,32,421
2024,2,5,678,44,465
2024,2,5,677,41,506
2024,2,5,676,46,552
2024,2,5,675,50,602
2024,2,5,674,36,638
2024,2,5,673,58,696
2024,2,5,672,42,738
2024,2,5,671,50,788
2024,2,5,670,50,838
2024,2,5,669,69,907
2024,2,5,668,55,962
2024,2,5,667,78,1040
2024,2,5,666,56,1096
2024,2,5,665,65,1161
2024,2,5,664,76,1237
2024,2,5,663,78,1315
2024,2,5,662,88,1403
2024,2,5,661,86,1489
2024,2,5,660,78,1567
2024,2,5,659,87,1654
2024,2,5,658,81,1735
2024,2,5,657,108,1843
2024,2,5,656,94,1937
2024,2,5,655,100,2037
2024,2,5,654,103,2140
2024,2,5,653,107,2247
2024,2,5,652,90,2337
2024,2,5,651,111,2448
2024,2,5,650,113,2561
2024,2,5,649,112,2673
2024,2,5,648,136,2809
2024,2,5,647,122,2931
2024,2,5,646,116,3047
2024,2,5,645,142,3189
2024,2,5,644,137,3326
2024,2,5,643,134,3460
2024,2,5,642,138,3598
2024,2,5,641,149,3747
2024,2,5,640,145,3892
2024,2,5,639,164,4056
2024,2,5,638,127,4183
2024,2,5,637,139,4322
2024,2,5,636,162,4484
2024,2,5,635,169,4653
2024,2,5,634,156,4809
2024,2,5,633,160,4969
2024,2,5,632,175,5144
2024,2,5,631,147,5291
2024,2,5,630,160,5451
2024,2,5,629,196,5647
2024,2,5,628,204,5851
2024,2,5,627,195,6046
2024,2,5,626,212,6258
2024,2,5,625,197,6455
2024,2,5,624,174,6629
2024,2,5,623,179,6808
2024,2,5,622,193,7001
2024,2,5,621,196,7197
2024,2,5,620,174,7371
2024,2,5,619,206,7577
2024,2,5,618,200,7777
2024,2,5,617,200,7977
2024,2,5,616,216,8193
2024,2,5,615,198,8391
2024,2,5,614,219,8610
2024,2,5,613,211,8821
2024,2,5,612,218,9039
2024,2,5,611,229,9268
2024,2,5,610,236,9504
2024,2,5,609,211,9715
2024,2,5,608,223,9938
2024,2,5,607,222,10160
2024,2,5,606,224,10384
2024,2,5,605,249,10633
2024,2,5,604,195,10828
2024,2,5,603,239,11067
2024,2,5,602,237,11304
2024,2,5,601,225,11529
2024,2,5,600,257,11786
2024,2,5,599,243,12029
2024,2,5,598,216,12245
2024,2,5,597,237,12482
2024,2,5,596,247,12729
2024,2,5,595,237,12966
2024,2,5,594,239,13205
2024,2,5,593,264,13469
2024,2,5,592,255,13724
2024,2,5,591,263,13987
2024,2,5,590,232,14219
2024,2,5,589,250,14469
2024,2,5,588,256,14725
2024,2,5,587,260,14985
2024,2,5,586,208,15193
2024,2,5,585,265,15458
2024,2,5,584,261,15719
2024,2,5,583,247,15966
2024,2,5,582,278,16244
2024,2,5,581,273,16517
2024,2,5,580,264,16781
2024,2,5,579,282,17063
2024,2,5,578,263,17326
2024,2,5,577,260,17586
2024,2,5,576,291,17877
2024,2,5,575,280,18157
2024,2,5,574,264,18421
2024,2,5,573,293,18714
2024,2,5,572,263,18977
2024,2,5,571,265,19242
2024,2,5,570,277,19519
2024,2,5,569,282,19801
2024,2,5,568,252,20053
2024,2,5,567,283,20336
2024,2,5,566,253,20589
2024,2,5,565,256,20845
2024,2,5,564,288,21133
2024,2,5,563,308,21441
2024,2,5,562,262,21703
2024,2,5,561,285,21988
2024,2,5,560,285,22273
2024,2,5,559,251,22524
2024,2,5,558,274,22798
2024,2,5,557,281,23079
2024,2,5,556,267,23346
2024,2,5,555,256,23602
2024,2,5,554,259,23861
2024,2,5,553,276,24137
2024,2,5,552,252,24389
2024,2,5,551,283,24672
2024,2,5,550,284,24956
2024,2,5,549,273,25229
2024,2,5,548,269,25498
2024,2,5,547,268,25766
2024,2,5,546,267,26033
2024,2,5,545,298,26331
2024,2,5,544,254,26585
2024,2,5,543,284,26869
2024,2,5,542,279,27148
2024,2,5,541,280,27428
2024,2,5,540,287,27715
2024,2,5,539,287,28002
2024,2,5,538,278,28280
2024,2,5,537,274,28554
2024,2,5,536,282,28836
2024,2,5,535,260,29096
2024,2,5,534,280,29376
2024,2,5,533,273,29649
2024,2,5,532,278,29927
2024,2,5,531,263,30190
2024,2,5,530,284,30474
2024,2,5,529,284,30758
2024,2,5,528,259,31017
2024,2,5,527,262,31279
2024,2,5,526,273,31552
2024,2,5,525,262,31814
2024,2,5,524,297,32111
2024,2,5,523,246,32357
2024,2,5,522,266,32623
2024,2,5,521,271,32894
2024,2,5,520,292,33186
2024,2,5,519,278,33464
2024,2,5,518,267,33731
2024,2,5,517,270,34001
2024,2,5,516,266,34267
2024,2,5,515,243,34510
2024,2,5,514,321,34831
2024,2,5,513,271,35102
2024,2,5,512,291,35393
2024,2,5,511,258,35651
2024,2,5,510,300,35951
2024,2,5,509,268,36219
2024,2,5,508,301,36520
2024,2,5,507,283,36803
2024,2,5,506,262,37065
2024,2,5,505,278,37343
2024,2,5,504,284,37627
2024,2,5,503,278,37905
2024,2,5,502,266,38171
2024,2,5,501,294,38465
2024,2,5,500,275,38740
2024,2,5,499,263,39003
2024,2,5,498,285,39288
2024,2,5,497,273,39561
2024,2,5,496,266,39827
2024,2,5,495,285,40112
2024,2,5,494,284,40396
2024,2,5,493,320,40716
2024,2,5,492,259,40975
2024,2,5,491,243,41218
2024,2,5,490,274,41492
2024,2,5,489,280,41772
2024,2,5,488,265,42037
2024,2,5,487,272,42309
2024,2,5,486,258,42567
2024,2,5,485,279,42846
2024,2,5,484,263,43109
2024,2,5,483,264,43373
2024,2,5,482,254,43627
2024,2,5,481,285,43912
2024,2,5,480,282,44194
2024,2,5,479,281,44475
2024,2,5,478,255,44730
2024,2,5,477,257,44987
2024,2,5,476,246,45233
2024,2,5,475,256,45489
2024,2,5,474,249,45738
2024,2,5,473,247,45985
2024,2,5,472,235,46220
2024,2,5,471,282,46502
2024,2,5,470,232,46734
2024,2,5,469,229,46963
2024,2,5,468,263,47226
2024,2,5,467,261,47487
2024,2,5,466,224,47711
2024,2,5,465,262,47973
2024,2,5,464,261,48234
2024,2,5,463,243,48477
2024,2,5,462,261,48738
2024,2,5,461,252,48990
2024,2,5,460,252,49242
2024,2,5,459,224,49466
2024,2,5,458,247,49713
2024,2,5,457,258,49971
2024,2,5,456,238,50209
2024,2,5,455,226,50435
2024,2,5,454,237,50672
2024,2,5,453,230,50902
2024,2,5,452,221,51123
2024,2,5,451,235,51358
2024,2,5,450,215,51573
2024,2,5,449,214,51787
2024,2,5,448,204,51991
2024,2,5,447,206,52197
2024,2,5,446,239,52436
2024,2,5,445,234,52670
2024,2,5,444,238,52908
2024,2,5,443,236,53144
2024,2,5,442,204,53348
2024,2,5,441,225,53573
2024,2,5,440,237,53810
2024,2,5,439,224,54034
2024,2,5,438,202,54236
2024,2,5,437,223,54459
2024,2,5,436,217,54676
2024,2,5,435,200,54876
2024,2,5,434,220,55096
2024,2,5,433,243,55339
2024,2,5,432,182,55521
2024,2,5,431,208,55729
2024,2,5,430,241,55970
2024,2,5,429,204,56174
2024,2,5,428,189,56363
2024,2,5,427,186,56549
2024,2,5,426,207,56756
2024,2,5,425,211,56967
2024,2,5,424,180,57147
2024,2,5,423,166,57313
2024,2,5,422,163,57476
2024,2,5,421,193,57669
2024,2,5,420,172,57841
2024,2,5,419,186,58027
2024,2,5,418,198,58225
2024,2,5,417,175,58400
2024,2,5,416,192,58592
2024,2,5,415,190,58782
2024,2,5,414,164,58946
2024,2,5,413,196,59142
2024,2,5,412,173,59315
2024,2,5,411,167,59482
2024,2,5,410,167,59649
2024,2,5,409,208,59857
2024,2,5,408,139,59996
2024,2,5,407,186,60182
2024,2,5,406,148,60330
2024,2,5,405,158,60488
2024,2,5,404,131,60619
2024,2,5,403,148,60767
2024,2,5,402,174,60941
2024,2,5,401,173,61114
2024,2,5,400,150,61264
2024,2,5,399,146,61410
2024,2,5,398,121,61531
2024,2,5,397,145,61676
2024,2,5,396,143,61819
2024,2,5,395,149,61968
2024,2,5,394,112,62080
2024,2,5,393,120,62200
2024,2,5,392,143,62343
2024,2,5,391,124,62467
2024,2,5,390,141,62608
2024,2,5,389,115,62723
2024,2,5,388,121,62844
2024,2,5,387,114,62958
2024,2,5,386,149,63107
2024,2,5,385,131,63238
2024,2,5,384,123,63361
2024,2,5,383,117,63478
2024,2,5,382,115,63593
2024,2,5,381,118,63711
2024,2,5,380,123,63834
2024,2,5,379,99,63933
2024,2,5,378,101,64034
2024,2,5,377,90,64124
2024,2,5,376,119,64243
2024,2,5,375,102,64345
2024,2,5,374,107,64452
2024,2,5,373,106,64558
2024,2,5,372,101,64659
2024,2,5,371,94,64753
2024,2,5,370,77,64830
2024,2,5,369,109,64939
2024,2,5,368,90,65029
2024,2,5,367,80,65109
2024,2,5,366,78,65187
2024,2,5,365,89,65276
2024,2,5,364,75,65351
2024,2,5,363,73,65424
2024,2,5,362,77,65501
2024,2,5,361,70,65571
2024,2,5,360,75,65646
2024,2,5,359,88,65734
2024,2,5,358,68,65802
2024,2,5,357,62,65864
2024,2,5,356,75,65939
2024,2,5,355,77,66016
2024,2,5,354,61,66077
2024,2,5,353,77,66154
2024,2,5,352,64,66218
2024,2,5,351,69,66287
2024,2,5,350,66,66353
2024,2,5,349,52,66405
2024,2,5,348,74,66479
2024,2,5,347,62,66541
2024,2,5,346,70,66611
2024,2,5,345,61,66672
2024,2,5,344,60,66732
2024,2,5,343,47,66779
2024,2,5,342,47,66826
2024,2,5,341,56,66882
2024,2,5,340,51,66933
2024,2,5,339,46,66979
2024,2,5,338,52,67031
2024,2,5,337,49,67080
2024,2,5,336,43,67123
2024,2,5,335,55,67178
2024,2,5,334,50,67228
2024,2,5,333,50,67278
2024,2,5,332,40,67318
2024,2,5,331,38,67356
2024,2,5,330,46,67402
2024,2,5,329,51,67453
2024,2,5,328,40,67493
2024,2,5,327,43,67536
2024,2,5,326,37,67573
2024,2,5,325,45,67618
2024,2,5,324,51,67669
2024,2,5,323,50,67719
2024,2,5,322,32,67751
2024,2,5,321,31,67782
2024,2,5,320,35,67817
2024,2,5,319,46,67863
2024,2,5,318,44,67907
2024,2,5,317,36,67943
2024,2,5,316,34,67977
2024,2,5,315,38,68015
2024,2,5,314,32,68047
2024,2,5,313,32,68079
2024,2,5,312,41,68120
2024,2,5,311,29,68149
2024,2,5,310,31,68180
2024,2,5,309,30,68210
2024,2,5,308,33,68243
2024,2,5,307,34,68277
2024,2,5,306,29,68306
2024,2,5,305,34,68340
2024,2,5,304,27,68367
2024,2,5,303,53,68420
2024,2,5,302,32,68452
2024,2,5,301,28,68480
2024,2,5,300,34,68514
2024,25,2,620,52,52
2024,25,2,619,3,55
2024,25,2,618,4,59
2024,25,2,617,3,62
2024,25,2,616,6,68
2024,25,2,615,2,70
2024,25,2,614,4,74
2024,25,2,613,8,82
2024,25,2,612,5,87
2024,25,2,611,8,95
2024,25,2,610,0,95
2024,25,2,609,3,98
2024,25,2,608,11,109
2024,25,2,607,6,115
2024,25,2,606,5,120
2024,25,2,605,7,127
2024,25,2,604,4,131
2024,25,2,603,10,141
2024,25,2,602,7,148
2024,25,2,601,8,156
2024,25,2,600,3,159
2024,25,2,599,6,165
2024,25,2,598,15,180
2024,25,2,597,6,186
2024,25,2,596,10,196
2024,25,2,595,7,203
2024,25,2,594,8,211
2024,25,2,593,9,220
2024,25,2,592,13,233
2024,25,2,591,9,242
2024,25,2,590,12,254
2024,25,2,589,13,267
2024,25,2,588,7,274
2024,25,2,587,17,291
2024,25,2,586,12,303
2024,25,2,585,15,318
2024,25,2,584,17,335
2024,25,2,583,19,354
2024,25,2,582,15,369
2024,25,2,581,12,381
2024,25,2,580,8,389
2024,25,2,579,13,402
2024,25,2,578,21,423
2024,25,2,577,14,437
2024,25,2,576,12,449
2024,25,2,575,25,474
2024,25,2,574,18,492
2024,25,2,573,12,504
2024,25,2,572,20,524
2024,25,2,571,16,540
2024,25,2,570,20,560
2024,25,2,569,23,583
2024,25,2,568,27,610
2024,25,2,567,16,626
2024,25,2,566,19,645
2024,25,2,565,18,663
2024,25,2,564,23,686
2024,25,2,563,17,703
2024,25,2,562,21,724
2024,25,2,561,12,736
2024,25,2,560,14,750
2024,25,2,559,35,785
2024,25,2,558,22,807
2024,25,2,557,22,829
2024,25,2,556,25,854
2024,25,2,555,26,880
2024,25,2,554,25,905
2024,25,2,553,16,921
2024,25,2,552,29,950
2024,25,2,551,24,974
2024,25,2,550,25,999
2024,25,2,549,24,1023
2024,25,2,548,35,1058
2024,25,2,547,34,1092
2024,25,2,546,36,1128
2024,25,2,545,20,1148
2024,25,2,544,28,1176
2024,25,2,543,40,1216
2024,25,2,542,36,1252
2024,25,2,541,33,1285
2024,25,2,540,33,1318
2024,25,2,539,27,1345
2024,25,2,538,34,1379
2024,25,2,537,40,1419
2024,25,2,536,39,1458
2024,25,2,535,35,1493
2024,25,2,534,30,1523
2024,25,2,533,41,1564
2024,25,2,532,34,1598
2024,25,2,531,32,1630
2024,25,2,530,46,1676
2024,25,2,529,34,1710
2024,25,2,528,42,1752
2024,25,2,527,41,1793
2024,25,2,526,38,1831
2024,25,2,525,36,1867
2024,25,2,524,44,1911
2024,25,2,523,45,1956
2024,25,2,522,53,2009
2024,25,2,521,42,2051
2024,25,2,520,39,2090
2024,25,2,519,54,2144
2024,25,2,518,52,2196
2024,25,2,517,46,2242
2024,25,2,516,67,2309
2024,25,2,515,49,2358
2024,25,2,514,34,2392
2024,25,2,513,50,2442
2024,25,2,512,50,2492
2024,25,2,511,61,2553
2024,25,2,510,59,2612
2024,25,2,509,57,2669
2024,25,2,508,59,2728
2024,25,2,507,64,2792
2024,25,2,506,62,2854
2024,25,2,505,52,2906
2024,25,2,504,67,2973
2024,25,2,503,54,3027
2024,25,2,502,54,3081
2024,25,2,501,57,3138
2024,25,2,500,56,3194
2024,25,2,499,62,3256
2024,25,2,498,51,3307
2024,25,2,497,76,3383
2024,25,2,496,68,3451
2024,25,2,495,53,3504
2024,25,2,494,67,3571
2024,25,2,493,66,3637
2024,25,2,492,82,3719
2024,25,2,491,62,3781
2024,25,2,490,78,3859
2024,25,2,489,81,3940
2024,25,2,488,58,3998
2024,25,2,487,61,4059
2024,25,2,486,88,4147
2024,25,2,485,78,4225
2024,25,2,484,70,4295
2024,25,2,483,65,4360
2024,25,2,482,69,4429
2024,25,2,481,74,4503
2024,25,2,480,90,4593
2024,25,2,479,78,4671
2024,25,2,478,81,4752
2024,25,2,477,69,4821
2024,25,2,476,82,4903
2024,25,2,475,72,4975
2024,25,2,474,70,5045
2024,25,2,473,86,5131
2024,25,2,472,77,5208
2024,25,2,471,67,5275
2024,25,2,470,75,5350
2024,25,2,469,78,5428
2024,25,2,468,94,5522
2024,25,2,467,95,5617
2024,25,2,466,91,5708
2024,25,2,465,78,5786
2024,25,2,464,106,5892
2024,25,2,463,96,5988
2024,25,2,462,95,6083
2024,25,2,461,97,6180
2024,25,2,460,102,6282
2024,25,2,459,96,6378
2024,25,2,458,82,6460
2024,25,2,457,84,6544
2024,25,2,456,96,6640
2024,25,2,455,97,6737
2024,25,2,454,100,6837
2024,25,2,453,98,6935
2024,25,2,452,100,7035
2024,25,2,451,99,7134
2024,25,2,450,88,7222
2024,25,2,449,106,7328
2024,25,2,448,91,7419
2024,25,2,447,93,7512
2024,25,2,446,84,7596
2024,25,2,445,92,7688
2024,25,2,444,97,7785
2024,25,2,443,110,7895
2024,25,2,442,102,7997
2024,25,2,441,102,8099
2024,25,2,440,88,8187
2024,25,2,439,110,8297
2024,25,2,438,90,8387
2024,25,2,437,86,8473
2024,25,2,436,98,8571
2024,25,2,435,90,8661
2024,25,2,434,91,8752
2024,25,2,433,93,8845
2024,25,2,432,97,8942
2024,25,2,431,116,9058
2024,25,2,430,103,9161
2024,25,2,429,105,9266
2024,25,2,428,112,9378
2024,25,2,427,105,9483
2024,25,2,426,115,9598
2024,25,2,425,90,9688
2024,25,2,424,91,9779
2024,25,2,423,99,9878
2024,25,2,422,95,9973
2024,25,2,421,113,10086
2024,25,2,420,111,10197
2024,25,2,419,111,10308
2024,25,2,418,106,10414
2024,25,2,417,111,10525
2024,25,2,416,108,10633
2024,25,2,415,113,10746
2024,25,2,414,99,10845
2024,25,2,413,107,10952
2024,25,2,412,96,11048
2024,25,2,411,113,11161
2024,25,2,410,128,11289
2024,25,2,409,106,11395
2024,25,2,408,94,11489
2024,25,2,407,116,11605
2024,25,2,406,114,11719
2024,25,2,405,106,11825
2024,25,2,404,107,11932
2024,25,2,403,107,12039
2024,25,2,402,132,12171
2024,25,2,401,104,12275
2024,25,2,400,118,12393
2024,25,2,399,103,12496
2024,25,2,398,97,12593
2024,25,2,397,108,12701
2024,25,2,396,117,12818
2024,25,2,395,112,12930
2024,25,2,394,104,13034
2024,25,2,393,108,13142
2024,25,2,392,96,13238
2024,25,2,391,117,13355
2024,25,2,390,109,13464
2024,25,2,389,103,13567
2024,25,2,388,115,13682
2024,25,2,387,112,13794
2024,25,2,386,116,13910
2024,25,2,385,136,14046
2024,25,2,384,105,14151
2024,25,2,383,100,14251
2024,25,2,382,112,14363
2024,25,2,381,117,14480
2024,25,2,380,118,14598
2024,25,2,379,108,14706
2024,25,2,378,96,14802
2024,25,2,377,89,14891
2024,25,2,376,122,15013
2024,25,2,375,101,15114
2024,25,2,374,114,15228
2024,25,2,373,102,15330
2024,25,2,372,121,15451
2024,25,2,371,113,15564
2024,25,2,370,103,15667
2024,25,2,369,129,15796
2024,25,2,368,95,15891
2024,25,2,367,99,15990
2024,25,2,366,88,16078
2024,25,2,365,114,16192
2024,25,2,364,95,16287
2024,25,2,363,109,16396
2024,25,2,362,92,16488
2024,25,2,361,105,16593
2024,25,2,360,93,16686
2024,25,2,359,101,16787
2024,25,2,358,100,16887
2024,25,2,357,109,16996
2024,25,2,356,109,17105
2024,25,2,355,106,17211
2024,25,2,354,81,17292
2024,25,2,353,94,17386
2024,25,2,352,89,17475
2024,25,2,351,101,17576
2024,25,2,350,113,17689
2024,25,2,349,105,17794
2024,25,2,348,97,17891
2024,25,2,347,88,17979
2024,25,2,346,99,18078
2024,25,2,345,85,18163
2024,25,2,344,97,18260
2024,25,2,343,107,18367
2024,25,2,342,104,18471
2024,25,2,341,98,18569
2024,25,2,340,92,18661
2024,25,2,339,91,18752
2024,25,2,338,95,18847
2024,25,2,337,83,18930
2024,25,2,336,92,19022
2024,25,2,335,78,19100
2024,25,2,334,92,19192
2024,25,2,333,86,19278
2024,25,2,332,98,19376
2024,25,2,331,91,19467
2024,25,2,330,104,19571
2024,25,2,329,86,19657
2024,25,2,328,87,19744
2024,25,2,327,77,19821
2024,25,2,326,89,19910
2024,25,2,325,77,19987
2024,25,2,324,93,20080
2024,25,2,323,98,20178
2024,25,2,322,83,20261
2024,25,2,321,88,20349
2024,25,2,320,81,20430
2024,25,2,319,93,20523
2024,25,2,318,64,20587
2024,25,2,317,60,20647
2024,25,2,316,73,20720
2024,25,2,315,68,20788
2024,25,2,314,76,20864
2024,25,2,313,58,20922
2024,25,2,312,67,20989
2024,25,2,311,69,21058
2024,25,2,310,70,21128
2024,25,2,309,78,21206
2024,25,2,308,54,21260
2024,25,2,307,57,21317
2024,25,2,306,69,21386
2024,25,2,305,70,21456
2024,25,2,304,50,21506
2024,25,2,303,57,21563
2024,25,2,302,58,21621
2024,25,2,301,54,21675
2024,25,2,300,60,21735
2024,25,1,634,104,104
2024,25,1,633,6,110
2024,25,1,632,11,121
2024,25,1,631,3,124
2024,25,1,630,9,133
2024,25,1,629,4,137
2024,25,1,628,10,147
2024,25,1,627,5,152
2024,25,1,626,6,158
2024,25,1,625,6,164
2024,25,1,624,10,174
2024,25,1,623,7,181
2024,25,1,622,4,185
2024,25,1,621,9,194
2024,25,1,620,11,205
2024,25,1,619,15,220
2024,25,1,618,8,228
2024,25,1,617,5,233
2024,25,1,616,10,243
2024,25,1,615,17,260
2024,25,1,614,12,272
2024,25,1,613,13,285
2024,25,1,612,19,304
2024,25,1,611,7,311
2024,25,1,610,13,324
2024,25,1,609,6,330
2024,25,1,608,10,340
2024,25,1,607,15,355
2024,25,1,606,12,367
2024,25,1,605,14,381
2024,25,1,604,13,394
2024,25,1,603,12,406
2024,25,1,602,12,418
2024,25,1,601,14,432
2024,25,1,600,17,449
2024,25,1,599,21,470
2024,25,1,598,14,484
2024,25,1,597,16,500
2024,25,1,596,19,519
2024,25,1,595,16,535
2024,25,1,594,17,552
2024,25,1,593,20,572
2024,25,1,592,15,587
2024,25,1,591,17,604
2024,25,1,590,17,621
2024,25,1,589,20,641
2024,25,1,588,25,666
2024,25,1,587,19,685
2024,25,1,586,16,701
2024,25,1,585,19,720
2024,25,1,584,23,743
2024,25,1,583,28,771
2024,25,1,582,25,796
2024,25,1,581,21,817
2024,25,1,580,16,833
2024,25,1,579,20,853
2024,25,1,578,30,883
2024,25,1,577,24,907
2024,25,1,576,22,929
2024,25,1,575,29,958
2024,25,1,574,28,986
2024,25,1,573,33,1019
2024,25,1,572,37,1056
2024,25,1,571,35,1091
2024,25,1,570,35,1126
2024,25,1,569,29,1155
2024,25,1,568,30,1185
2024,25,1,567,31,1216
2024,25,1,566,25,1241
2024,25,1,565,33,1274
2024,25,1,564,30,1304
2024,25,1,563,38,1342
2024,25,1,562,38,1380
2024,25,1,561,37,1417
2024,25,1,560,42,1459
2024,25,1,559,29,1488
2024,25,1,558,36,1524
2024,25,1,557,39,1563
2024,25,1,556,48,1611
2024,25,1,555,41,1652
2024,25,1,554,32,1684
2024,25,1,553,42,1726
2024,25,1,552,40,1766
2024,25,1,551,41,1807
2024,25,1,550,31,1838
2024,25,1,549,50,1888
2024,25,1,548,36,1924
2024,25,1,547,55,1979
2024,25,1,546,37,2016
2024,25,1,545,35,2051
2024,25,1,544,46,2097
2024,25,1,543,41,2138
2024,25,1,542,42,2180
2024,25,1,541,46,2226
2024,25,1,540,59,2285
2024,25,1,539,47,2332
2024,25,1,538,50,2382
2024,25,1,537,55,2437
2024,25,1,536,52,2489
2024,25,1,535,44,2533
2024,25,1,534,50,2583
2024,25,1,533,51,2634
2024,25,1,532,62,2696
2024,25,1,531,55,2751
2024,25,1,530,48,2799
2024,25,1,529,70,2869
2024,25,1,528,61,2930
2024,25,1,527,49,2979
2024,25,1,526,77,3056
2024,25,1,525,50,3106
2024,25,1,524,59,3165
2024,25,1,523,56,3221
2024,25,1,522,72,3293
2024,25,1,521,56,3349
2024,25,1,520,64,3413
2024,25,1,519,59,3472
2024,25,1,518,83,3555
2024,25,1,517,71,3626
2024,25,1,516,69,3695
2024,25,1,515,80,3775
2024,25,1,514,77,3852
2024,25,1,513,90,3942
2024,25,1,512,71,4013
2024,25,1,511,63,4076
2024,25,1,510,69,4145
2024,25,1,509,92,4237
2024,25,1,508,81,4318
2024,25,1,507,84,4402
2024,25,1,506,73,4475
2024,25,1,505,89,4564
2024,25,1,504,62,4626
2024,25,1,503,98,4724
2024,25,1,502,82,4806
2024,25,1,501,73,4879
2024,25,1,500,87,4966
2024,25,1,499,80,5046
2024,25,1,498,92,5138
2024,25,1,497,106,5244
2024,25,1,496,92,5336
2024,25,1,495,88,5424
2024,25,1,494,101,5525
2024,25,1,493,81,5606
2024,25,1,492,94,5700
2024,25,1,491,100,5800
2024,25,1,490,85,5885
2024,25,1,489,108,5993
2024,25,1,488,108,6101
2024,25,1,487,117,6218
2024,25,1,486,94,6312
2024,25,1,485,104,6416
2024,25,1,484,119,6535
2024,25,1,483,111,6646
2024,25,1,482,104,6750
2024,25,1,481,101,6851
2024,25,1,480,135,6986
2024,25,1,479,121,7107
2024,25,1,478,128,7235
2024,25,1,477,111,7346
2024,25,1,476,111,7457
2024,25,1,475,117,7574
2024,25,1,474,129,7703
2024,25,1,473,109,7812
2024,25,1,472,121,7933
2024,25,1,471,134,8067
2024,25,1,470,110,8177
2024,25,1,469,127,8304
2024,25,1,468,135,8439
2024,25,1,467,126,8565
2024,25,1,466,122,8687
2024,25,1,465,126,8813
2024,25,1,464,147,8960
2024,25,1,463,141,9101
2024,25,1,462,135,9236
2024,25,1,461,152,9388
2024,25,1,460,142,9530
2024,25,1,459,151,9681
2024,25,1,458,153,9834
2024,25,1,457,132,9966
2024,25,1,456,155,10121
2024,25,1,455,161,10282
2024,25,1,454,166,10448
2024,25,1,453,150,10598
2024,25,1,452,156,10754
2024,25,1,451,159,10913
2024,25,1,450,182,11095
2024,25,1,449,162,11257
2024,25,1,448,189,11446
2024,25,1,447,182,11628
2024,25,1,446,195,11823
2024,25,1,445,169,11992
2024,25,1,444,149,12141
2024,25,1,443,137,12278
2024,25,1,442,192,12470
2024,25,1,441,189,12659
2024,25,1,440,171,12830
2024,25,1,439,155,12985
2024,25,1,438,177,13162
2024,25,1,437,175,13337
2024,25,1,436,176,13513
2024,25,1,435,176,13689
2024,25,1,434,194,13883
2024,25,1,433,186,14069
2024,25,1,432,200,14269
2024,25,1,431,213,14482
2024,25,1,430,208,14690
2024,25,1,429,196,14886
2024,25,1,428,179,15065
2024,25,1,427,169,15234
2024,25,1,426,190,15424
2024,25,1,425,180,15604
2024,25,1,424,189,15793
2024,25,1,423,205,15998
2024,25,1,422,201,16199
2024,25,1,421,214,16413
2024,25,1,420,197,16610
2024,25,1,419,236,16846
2024,25,1,418,212,17058
2024,25,1,417,212,17270
2024,25,1,416,213,17483
2024,25,1,415,210,17693
2024,25,1,414,211,17904
2024,25,1,413,199,18103
2024,25,1,412,195,18298
2024,25,1,411,211,18509
2024,25,1,410,202,18711
2024,25,1,409,224,18935
2024,25,1,408,202,19137
2024,25,1,407,228,19365
2024,25,1,406,208,19573
2024,25,1,405,210,19783
2024,25,1,404,194,19977
2024,25,1,403,209,20186
2024,25,1,402,219,20405
2024,25,1,401,220,20625
2024,25,1,400,202,20827
2024,25,1,399,199,21026
2024,25,1,398,253,21279
2024,25,1,397,213,21492
2024,25,1,396,213,21705
2024,25,1,395,217,21922
2024,25,1,394,229,22151
2024,25,1,393,191,22342
2024,25,1,392,217,22559
2024,25,1,391,213,22772
2024,25,1,390,204,22976
2024,25,1,389,224,23200
2024,25,1,388,223,23423
2024,25,1,387,184,23607
2024,25,1,386,248,23855
2024,25,1,385,225,24080
2024,25,1,384,219,24299
2024,25,1,383,215,24514
2024,25,1,382,208,24722
2024,25,1,381,225,24947
2024,25,1,380,225,25172
2024,25,1,379,230,25402
2024,25,1,378,197,25599
2024,25,1,377,201,25800
2024,25,1,376,231,26031
2024,25,1,375,208,26239
2024,25,1,374,225,26464
2024,25,1,373,218,26682
2024,25,1,372,238,26920
2024,25,1,371,212,27132
2024,25,1,370,178,27310
2024,25,1,369,223,27533
2024,25,1,368,208,27741
2024,25,1,367,207,27948
2024,25,1,366,204,28152
2024,25,1,365,220,28372
2024,25,1,364,206,28578
2024,25,1,363,195,28773
2024,25,1,362,210,28983
2024,25,1,361,194,29177
2024,25,1,360,192,29369
2024,25,1,359,192,29561
2024,25,1,358,202,29763
2024,25,1,357,218,29981
2024,25,1,356,209,30190
2024,25,1,355,186,30376
2024,25,1,354,194,30570
2024,25,1,353,219,30789
2024,25,1,352,185,30974
2024,25,1,351,187,31161
2024,25,1,350,183,31344
2024,25,1,349,182,31526
2024,25,1,348,167,31693
2024,25,1,347,172,31865
2024,25,1,346,177,32042
2024,25,1,345,171,32213
2024,25,1,344,177,32390
2024,25,1,343,194,32584
2024,25,1,342,187,32771
2024,25,1,341,171,32942
2024,25,1,340,167,33109
2024,25,1,339,183,33292
2024,25,1,338,143,33435
2024,25,1,337,177,33612
2024,25,1,336,180,33792
2024,25,1,335,178,33970
2024,25,1,334,181,34151
2024,25,1,333,153,34304
2024,25,1,332,166,34470
2024,25,1,331,180,34650
2024,25,1,330,193,34843
2024,25,1,329,173,35016
2024,25,1,328,158,35174
2024,25,1,327,141,35315
2024,25,1,326,152,35467
2024,25,1,325,141,35608
2024,25,1,324,161,35769
2024,25,1,323,145,35914
2024,25,1,322,155,36069
2024,25,1,321,175,36244
2024,25,1,320,171,36415
2024,25,1,319,139,36554
2024,25,1,318,125,36679
2024,25,1,317,159,36838
2024,25,1,316,142,36980
2024,25,1,315,152,37132
2024,25,1,314,165,37297
2024,25,1,313,173,37470
2024,25,1,312,137,37607
2024,25,1,311,139,37746
2024,25,1,310,150,37896
2024,25,1,309,142,38038
2024,25,1,308,152,38190
2024,25,1,307,146,38336
2024,25,1,306,130,38466
2024,25,1,305,146,38612
2024,25,1,304,117,38729
2024,25,1,303,114,38843
2024,25,1,302,109,38952
2024,25,1,301,138,39090
2024,25,1,300,143,39233
2024,22,2,673,21,21
2024,22,2,672,4,25
2024,22,2,671,2,27
2024,22,2,669,6,33
2024,22,2,668,9,42
2024,22,2,667,10,52
2024,22,2,666,9,61
2024,22,2,665,6,67
2024,22,2,664,6,73
2024,22,2,663,7,80
2024,22,2,662,9,89
2024,22,2,661,13,102
2024,22,2,660,6,108
2024,22,2,659,17,125
2024,22,2,658,18,143
2024,22,2,657,16,159
2024,22,2,656,15,174
2024,22,2,655,11,185
2024,22,2,654,24,209
2024,22,2,653,12,221
2024,22,2,652,21,242
2024,22,2,651,26,268
2024,22,2,650,17,285
2024,22,2,649,18,303
2024,22,2,648,24,327
2024,22,2,647,26,353
2024,22,2,646,35,388
2024,22,2,645,24,412
2024,22,2,644,34,446
2024,22,2,643,37,483
2024,22,2,642,33,516
2024,22,2,641,45,561
2024,22,2,640,43,604
2024,22,2,639,33,637
2024,22,2,638,36,673
2024,22,2,637,40,713
2024,22,2,636,39,752
2024,22,2,635,36,788
2024,22,2,634,40,828
2024,22,2,633,45,873
2024,22,2,632,49,922
2024,22,2,631,72,994
2024,22,2,630,56,1050
2024,22,2,629,38,1088
2024,22,2,628,55,1143
2024,22,2,627,52,1195
2024,22,2,626,64,1259
2024,22,2,625,59,1318
2024,22,2,624,57,1375
2024,22,2,623,76,1451
2024,22,2,622,63,1514
2024,22,2,621,86,1600
2024,22,2,620,84,1684
2024,22,2,619,70,1754
2024,22,2,618,66,1820
2024,22,2,617,72,1892
2024,22,2,616,81,1973
2024,22,2,615,84,2057
2024,22,2,614,78,2135
2024,22,2,613,77,2212
2024,22,2,612,96,2308
2024,22,2,611,84,2392
2024,22,2,610,101,2493
2024,22,2,609,87,2580
2024,22,2,608,113,2693
2024,22,2,607,102,2795
2024,22,2,606,113,2908
2024,22,2,605,104,3012
2024,22,2,604,118,3130
2024,22,2,603,124,3254
2024,22,2,602,106,3360
2024,22,2,601,123,3483
2024,22,2,600,143,3626
2024,22,2,599,130,3756
2024,22,2,598,120,3876
2024,22,2,597,120,3996
2024,22,2,596,123,4119
2024,22,2,595,131,4250
2024,22,2,594,146,4396
2024,22,2,593,122,4518
2024,22,2,592,136,4654
2024,22,2,591,142,4796
2024,22,2,590,143,4939
2024,22,2,589,131,5070
2024,22,2,588,130,5200
2024,22,2,587,131,5331
2024,22,2,586,168,5499
2024,22,2,585,157,5656
2024,22,2,584,148,5804
2024,22,2,583,165,5969
2024,22,2,582,180,6149
2024,22,2,581,182,6331
2024,22,2,580,151,6482
2024,22,2,579,189,6671
2024,22,2,578,174,6845
2024,22,2,577,167,7012
2024,22,2,576,169,7181
2024,22,2,575,164,7345
2024,22,2,574,169,7514
2024,22,2,573,177,7691
2024,22,2,572,175,7866
2024,22,2,571,188,8054
2024,22,2,570,197,8251
2024,22,2,569,202,8453
2024,22,2,568,202,8655
2024,22,2,567,197,8852
2024,22,2,566,190,9042
2024,22,2,565,221,9263
2024,22,2,564,214,9477
2024,22,2,563,215,9692
2024,22,2,562,227,9919
2024,22,2,561,209,10128
2024,22,2,560,248,10376
2024,22,2,559,228,10604
2024,22,2,558,245,10849
2024,22,2,557,222,11071
2024,22,2,556,238,11309
2024,22,2,555,244,11553
2024,22,2,554,269,11822
2024,22,2,553,232,12054
2024,22,2,552,247,12301
2024,22,2,551,264,12565
2024,22,2,550,278,12843
2024,22,2,549,259,13102
2024,22,2,548,255,13357
2024,22,2,547,239,13596
2024,22,2,546,263,13859
2024,22,2,545,303,14162
2024,22,2,544,243,14405
2024,22,2,543,268,14673
2024,22,2,542,284,14957
2024,22,2,541,305,15262
2024,22,2,540,294,15556
2024,22,2,539,298,15854
2024,22,2,538,290,16144
2024,22,2,537,288,16432
2024,22,2,536,267,16699
2024,22,2,535,325,17024
2024,22,2,534,329,17353
2024,22,2,533,296,17649
2024,22,2,532,302,17951
2024,22,2,531,332,18283
2024,22,2,530,340,18623
2024,22,2,529,382,19005
2024,22,2,528,293,19298
2024,22,2,527,323,19621
2024,22,2,526,326,19947
2024,22,2,525,327,20274
2024,22,2,524,357,20631
2024,22,2,523,305,20936
2024,22,2,522,363,21299
2024,22,2,521,374,21673
2024,22,2,520,376,22049
2024,22,2,519,355,22404
2024,22,2,518,383,22787
2024,22,2,517,372,23159
2024,22,2,516,386,23545
2024,22,2,515,384,23929
2024,22,2,514,362,24291
2024,22,2,513,375,24666
2024,22,2,512,369,25035
2024,22,2,511,340,25375
2024,22,2,510,420,25795
2024,22,2,509,379,26174
2024,22,2,508,372,26546
2024,22,2,507,380,26926
2024,22,2,506,387,27313
2024,22,2,505,400,27713
2024,22,2,504,419,28132
2024,22,2,503,369,28501
2024,22,2,502,388,28889
2024,22,2,501,389,29278
2024,22,2,500,372,29650
2024,22,2,499,389,30039
2024,22,2,498,391,30430
2024,22,2,497,364,30794
2024,22,2,496,404,31198
2024,22,2,495,424,31622
2024,22,2,494,395,32017
2024,22,2,493,384,32401
2024,22,2,492,421,32822
2024,22,2,491,391,33213
2024,22,2,490,398,33611
2024,22,2,489,411,34022
2024,22,2,488,396,34418
2024,22,2,487,443,34861
2024,22,2,486,404,35265
2024,22,2,485,438,35703
2024,22,2,484,450,36153
2024,22,2,483,385,36538
2024,22,2,482,466,37004
2024,22,2,481,409,37413
2024,22,2,480,381,37794
2024,22,2,479,467,38261
2024,22,2,478,426,38687
2024,22,2,477,399,39086
2024,22,2,476,400,39486
2024,22,2,475,440,39926
2024,22,2,474,421,40347
2024,22,2,473,428,40775
2024,22,2,472,412,41187
2024,22,2,471,436,41623
2024,22,2,470,474,42097
2024,22,2,469,408,42505
2024,22,2,468,421,42926
2024,22,2,467,429,43355
2024,22,2,466,437,43792
2024,22,2,465,400,44192
2024,22,2,464,437,44629
2024,22,2,463,448,45077
2024,22,2,462,451,45528
2024,22,2,461,438,45966
2024,22,2,460,455,46421
2024,22,2,459,432,46853
2024,22,2,458,470,47323
2024,22,2,457,419,47742
2024,22,2,456,460,48202
2024,22,2,455,448,48650
2024,22,2,454,424,49074
2024,22,2,453,444,49518
2024,22,2,452,415,49933
2024,22,2,451,454,50387
2024,22,2,450,451,50838
2024,22,2,449,461,51299
2024,22,2,448,484,51783
2024,22,2,447,427,52210
2024,22,2,446,502,52712
2024,22,2,445,503,53215
2024,22,2,444,472,53687
2024,22,2,443,467,54154
2024,22,2,442,471,54625
2024,22,2,441,488,55113
2024,22,2,440,477,55590
2024,22,2,439,499,56089
2024,22,2,438,452,56541
2024,22,2,437,457,56998
2024,22,2,436,467,57465
2024,22,2,435,504,57969
2024,22,2,434,458,58427
2024,22,2,433,449,58876
2024,22,2,432,530,59406
2024,22,2,431,479,59885
2024,22,2,430,456,60341
2024,22,2,429,448,60789
2024,22,2,428,460,61249
2024,22,2,427,444,61693
2024,22,2,426,497,62190
2024,22,2,425,512,62702
2024,22,2,424,501,63203
2024,22,2,423,466,63669
2024,22,2,422,525,64194
2024,22,2,421,476,64670
2024,22,2,420,504,65174
2024,22,2,419,477,65651
2024,22,2,418,518,66169
2024,22,2,417,524,66693
2024,22,2,416,484,67177
2024,22,2,415,479,67656
2024,22,2,414,554,68210
2024,22,2,413,500,68710
2024,22,2,412,507,69217
2024,22,2,411,529,69746
2024,22,2,410,468,70214
2024,22,2,409,537,70751
2024,22,2,408,492,71243
2024,22,2,407,521,71764
2024,22,2,406,474,72238
2024,22,2,405,531,72769
2024,22,2,404,498,73267
2024,22,2,403,508,73775
2024,22,2,402,556,74331
2024,22,2,401,540,74871
2024,22,2,400,523,75394
2024,22,2,399,501,75895
2024,22,2,398,533,76428
2024,22,2,397,542,76970
2024,22,2,396,515,77485
2024,22,2,395,500,77985
2024,22,2,394,531,78516
2024,22,2,393,468,78984
2024,22,2,392,510,79494
2024,22,2,391,517,80011
2024,22,2,390,493,80504
2024,22,2,389,506,81010
2024,22,2,388,507,81517
2024,22,2,387,505,82022
2024,22,2,386,475,82497
2024,22,2,385,503,83000
2024,22,2,384,521,83521
2024,22,2,383,484,84005
2024,22,2,382,530,84535
2024,22,2,381,466,85001
2024,22,2,380,465,85466
2024,22,2,379,480,85946
2024,22,2,378,472,86418
2024,22,2,377,488,86906
2024,22,2,376,508,87414
2024,22,2,375,496,87910
2024,22,2,374,485,88395
2024,22,2,373,464,88859
2024,22,2,372,437,89296
2024,22,2,371,489,89785
2024,22,2,370,475,90260
2024,22,2,369,440,90700
2024,22,2,368,468,91168
2024,22,2,367,451,91619
2024,22,2,366,465,92084
2024,22,2,365,457,92541
2024,22,2,364,482,93023
2024,22,2,363,451,93474
2024,22,2,362,453,93927
2024,22,2,361,451,94378
2024,22,2,360,428,94806
2024,22,2,359,475,95281
2024,22,2,358,452,95733
2024,22,2,357,472,96205
2024,22,2,356,411,96616
2024,22,2,355,409,97025
2024,22,2,354,409,97434
2024,22,2,353,418,97852
2024,22,2,352,423,98275
2024,22,2,351,425,98700
2024,22,2,350,435,99135
2024,22,2,349,422,99557
2024,22,2,348,383,99940
2024,22,2,347,447,100387
2024,22,2,346,387,100774
2024,22,2,345,376,101150
2024,22,2,344,394,101544
2024,22,2,343,368,101912
2024,22,2,342,385,102297
2024,22,2,341,376,102673
2024,22,2,340,373,103046
2024,22,2,339,391,103437
2024,22,2,338,402,103839
2024,22,2,337,335,104174
2024,22,2,336,394,104568
2024,22,2,335,324,104892
2024,22,2,334,360,105252
2024,22,2,333,351,105603
2024,22,2,332,375,105978
2024,22,2,331,321,106299
2024,22,2,330,364,106663
2024,22,2,329,344,107007
2024,22,2,328,328,107335
2024,22,2,327,377,107712
2024,22,2,326,306,108018
2024,22,2,325,315,108333
2024,22,2,324,331,108664
2024,22,2,323,329,108993
2024,22,2,322,348,109341
2024,22,2,321,303,109644
2024,22,2,320,349,109993
2024,22,2,319,276,110269
2024,22,2,318,309,110578
2024,22,2,317,297,110875
2024,22,2,316,323,111198
2024,22,2,315,317,111515
2024,22,2,314,307,111822
2024,22,2,313,295,112117
2024,22,2,312,289,112406
2024,22,2,311,267,112673
2024,22,2,310,281,112954
2024,22,2,309,250,113204
2024,22,2,308,272,113476
2024,22,2,307,294,113770
2024,22,2,306,291,114061
2024,22,2,305,285,114346
2024,22,2,304,273,114619
2024,22,2,303,268,114887
2024,22,2,302,273,115160
2024,22,2,301,269,115429
2024,22,2,300,243,115672
2024,22,2,299,285,115957
2024,22,2,298,267,116224
2024,22,2,297,281,116505
2024,22,2,296,271,116776
2024,22,2,295,259,117035
2024,22,2,294,308,117343
2024,22,2,293,268,117611
2024,22,2,292,269,117880
2024,22,2,291,259,118139
2024,22,2,290,254,118393
2024,22,2,289,263,118656
2024,22,2,288,249,118905
2024,22,2,287,252,119157
2024,22,2,286,236,119393
2024,22,2,285,273,119666
2024,22,2,284,252,119918
2024,22,2,283,265,120183
2024,22,2,282,268,120451
2024,22,2,281,224,120675
2024,22,2,280,255,120930
2024,22,2,279,232,121162
2024,22,2,278,267,121429
2024,22,2,277,272,121701
2024,22,2,276,261,121962
2024,22,2,275,217,122179
2024,22,2,274,252,122431
2024,22,2,273,263,122694
2024,22,2,272,261,122955
2024,22,2,271,264,123219
2024,22,2,270,269,123488
2024,22,2,269,254,123742
2024,22,2,268,230,123972
2024,22,2,267,237,124209
2024,22,2,266,248,124457
2024,22,2,265,243,124700
2024,22,2,264,245,124945
2024,22,2,263,248,125193
2024,22,2,262,234,125427
2024,22,2,261,245,125672
2024,22,2,260,238,125910
2024,22,2,259,224,126134
2024,22,2,258,231,126365
2024,22,2,257,216,126581
2024,22,2,256,262,126843
2024,22,2,255,223,127066
2024,22,2,254,250,127316
2024,22,2,253,195,127511
2024,22,2,252,205,127716
2024,22,2,251,240,127956
2024,22,2,250,192,128148
2024,22,2,249,213,128361
2024,22,2,248,217,128578
2024,22,2,247,183,128761
2024,22,2,246,237,128998
2024,22,2,245,223,129221
2024,22,2,244,199,129420
2024,22,2,243,208,129628
2024,22,2,242,189,129817
2024,22,2,241,206,130023
2024,22,2,240,175,130198
2024,22,2,239,182,130380
2024,22,2,238,191,130571
2024,22,2,237,174,130745
2024,22,2,236,188,130933
2024,22,2,235,164,131097
2024,22,2,234,178,131275
2024,22,2,233,162,131437
2024,22,2,232,172,131609
2024,22,2,231,149,131758
2024,22,2,230,156,131914
2024,22,2,229,155,132069
2024,22,2,228,147,132216
2024,22,2,227,154,132370
2024,22,2,226,157,132527
2024,22,2,225,153,132680
2024,22,2,224,123,132803
2024,22,2,223,127,132930
2024,22,2,222,118,133048
2024,22,2,221,119,133167
2024,22,2,220,116,133283
2024,22,2,219,136,133419
2024,22,2,218,112,133531
2024,22,2,217,136,133667
2024,22,2,216,118,133785
2024,22,2,215,119,133904
2024,22,2,214,139,134043
2024,22,2,213,108,134151
2024,22,2,212,84,134235
2024,22,2,211,94,134329
2024,22,2,210,86,134415
2024,22,2,209,84,134499
2024,22,2,208,81,134580
2024,22,2,207,84,134664
2024,22,2,206,89,134753
2024,22,2,205,88,134841
2024,22,2,204,79,134920
2024,22,2,203,85,135005
2024,22,2,202,87,135092
2024,22,2,201,76,135168
2024,22,2,200,69,135237
2024,22,1,699,36,36
2024,22,1,698,12,48
2024,22,1,697,10,58
2024,22,1,696,12,70
2024,22,1,695,16,86
2024,22,1,694,12,98
2024,22,1,693,20,118
2024,22,1,692,19,137
2024,22,1,691,20,157
2024,22,1,690,29,186
2024,22,1,689,35,221
2024,22,1,688,31,252
2024,22,1,687,36,288
2024,22,1,686,41,329
2024,22,1,685,39,368
2024,22,1,684,41,409
2024,22,1,683,41,450
2024,22,1,682,46,496
2024,22,1,681,44,540
2024,22,1,680,61,601
2024,22,1,679,49,650
2024,22,1,678,75,725
2024,22,1,677,67,792
2024,22,1,676,82,874
2024,22,1,675,94,968
2024,22,1,674,89,1057
2024,22,1,673,95,1152
2024,22,1,672,97,1249
2024,22,1,671,100,1349
2024,22,1,670,105,1454
2024,22,1,669,110,1564
2024,22,1,668,140,1704
2024,22,1,667,117,1821
2024,22,1,666,120,1941
2024,22,1,665,136,2077
2024,22,1,664,139,2216
2024,22,1,663,155,2371
2024,22,1,662,174,2545
2024,22,1,661,183,2728
2024,22,1,660,196,2924
2024,22,1,659,186,3110
2024,22,1,658,183,3293
2024,22,1,657,174,3467
2024,22,1,656,209,3676
2024,22,1,655,187,3863
2024,22,1,654,220,4083
2024,22,1,653,219,4302
2024,22,1,652,230,4532
2024,22,1,651,218,4750
2024,22,1,650,235,4985
2024,22,1,649,235,5220
2024,22,1,648,250,5470
2024,22,1,647,257,5727
2024,22,1,646,258,5985
2024,22,1,645,286,6271
2024,22,1,644,292,6563
2024,22,1,643,287,6850
2024,22,1,642,295,7145
2024,22,1,641,295,7440
2024,22,1,640,337,7777
2024,22,1,639,305,8082
2024,22,1,638,332,8414
2024,22,1,637,346,8760
2024,22,1,636,346,9106
2024,22,1,635,354,9460
2024,22,1,634,370,9830
2024,22,1,633,352,10182
2024,22,1,632,381,10563
2024,22,1,631,377,10940
2024,22,1,630,375,11315
2024,22,1,629,379,11694
2024,22,1,628,411,12105
2024,22,1,627,398,12503
2024,22,1,626,428,12931
2024,22,1,625,430,13361
2024,22,1,624,440,13801
2024,22,1,623,436,14237
2024,22,1,622,397,14634
2024,22,1,621,378,15012
2024,22,1,620,431,15443
2024,22,1,619,443,15886
2024,22,1,618,415,16301
2024,22,1,617,468,16769
2024,22,1,616,473,17242
2024,22,1,615,440,17682
2024,22,1,614,500,18182
2024,22,1,613,494,18676
2024,22,1,612,520,19196
2024,22,1,611,513,19709
2024,22,1,610,487,20196
2024,22,1,609,553,20749
2024,22,1,608,528,21277
2024,22,1,607,535,21812
2024,22,1,606,575,22387
2024,22,1,605,579,22966
2024,22,1,604,584,23550
2024,22,1,603,613,24163
2024,22,1,602,554,24717
2024,22,1,601,542,25259
2024,22,1,600,559,25818
2024,22,1,599,562,26380
2024,22,1,598,603,26983
2024,22,1,597,594,27577
2024,22,1,596,610,28187
2024,22,1,595,606,28793
2024,22,1,594,607,29400
2024,22,1,593,632,30032
2024,22,1,592,658,30690
2024,22,1,591,669,31359
2024,22,1,590,651,32010
2024,22,1,589,671,32681
2024,22,1,588,668,33349
2024,22,1,587,685,34034
2024,22,1,586,662,34696
2024,22,1,585,679,35375
2024,22,1,584,666,36041
2024,22,1,583,694,36735
2024,22,1,582,685,37420
2024,22,1,581,741,38161
2024,22,1,580,697,38858
2024,22,1,579,758,39616
2024,22,1,578,722,40338
2024,22,1,577,755,41093
2024,22,1,576,708,41801
2024,22,1,575,724,42525
2024,22,1,574,777,43302
2024,22,1,573,798,44100
2024,22,1,572,786,44886
2024,22,1,571,798,45684
2024,22,1,570,851,46535
2024,22,1,569,788,47323
2024,22,1,568,860,48183
2024,22,1,567,882,49065
2024,22,1,566,845,49910
2024,22,1,565,900,50810
2024,22,1,564,834,51644
2024,22,1,563,862,52506
2024,22,1,562,864,53370
2024,22,1,561,944,54314
2024,22,1,560,913,55227
2024,22,1,559,890,56117
2024,22,1,558,903,57020
2024,22,1,557,938,57958
2024,22,1,556,964,58922
2024,22,1,555,931,59853
2024,22,1,554,1037,60890
2024,22,1,553,992,61882
2024,22,1,552,960,62842
2024,22,1,551,984,63826
2024,22,1,550,992,64818
2024,22,1,549,1045,65863
2024,22,1,548,1060,66923
2024,22,1,547,975,67898
2024,22,1,546,1040,68938
2024,22,1,545,1044,69982
2024,22,1,544,1103,71085
2024,22,1,543,1109,72194
2024,22,1,542,1104,73298
2024,22,1,541,1092,74390
2024,22,1,540,1108,75498
2024,22,1,539,1099,76597
2024,22,1,538,1117,77714
2024,22,1,537,1113,78827
2024,22,1,536,1097,79924
2024,22,1,535,1177,81101
2024,22,1,534,1160,82261
2024,22,1,533,1176,83437
2024,22,1,532,1159,84596
2024,22,1,531,1143,85739
2024,22,1,530,1234,86973
2024,22,1,529,1194,88167
2024,22,1,528,1258,89425
2024,22,1,527,1231,90656
2024,22,1,526,1260,91916
2024,22,1,525,1239,93155
2024,22,1,524,1256,94411
2024,22,1,523,1248,95659
2024,22,1,522,1278,96937
2024,22,1,521,1250,98187
2024,22,1,520,1335,99522
2024,22,1,519,1303,100825
2024,22,1,518,1305,102130
2024,22,1,517,1393,103523
2024,22,1,516,1331,104854
2024,22,1,515,1253,106107
2024,22,1,514,1350,107457
2024,22,1,513,1361,108818
2024,22,1,512,1375,110193
2024,22,1,511,1297,111490
2024,22,1,510,1386,112876
2024,22,1,509,1339,114215
2024,22,1,508,1369,115584
2024,22,1,507,1357,116941
2024,22,1,506,1343,118284
2024,22,1,505,1457,119741
2024,22,1,504,1383,121124
2024,22,1,503,1428,122552
2024,22,1,502,1409,123961
2024,22,1,501,1356,125317
2024,22,1,500,1417,126734
2024,22,1,499,1464,128198
2024,22,1,498,1412,129610
2024,22,1,497,1412,131022
2024,22,1,496,1447,132469
2024,22,1,495,1456,133925
2024,22,1,494,1417,135342
2024,22,1,493,1428,136770
2024,22,1,492,1428,138198
2024,22,1,491,1367,139565
2024,22,1,490,1485,141050
2024,22,1,489,1440,142490
2024,22,1,488,1443,143933
2024,22,1,487,1397,145330
2024,22,1,486,1459,146789
2024,22,1,485,1393,148182
2024,22,1,484,1431,149613
2024,22,1,483,1387,151000
2024,22,1,482,1465,152465
2024,22,1,481,1479,153944
2024,22,1,480,1366,155310
2024,22,1,479,1439,156749
2024,22,1,478,1400,158149
2024,22,1,477,1468,159617
2024,22,1,476,1351,160968
2024,22,1,475,1410,162378
2024,22,1,474,1415,163793
2024,22,1,473,1391,165184
2024,22,1,472,1413,166597
2024,22,1,471,1336,167933
2024,22,1,470,1434,169367
2024,22,1,469,1355,170722
2024,22,1,468,1305,172027
2024,22,1,467,1394,173421
2024,22,1,466,1363,174784
2024,22,1,465,1373,176157
2024,22,1,464,1249,177406
2024,22,1,463,1305,178711
2024,22,1,462,1319,180030
2024,22,1,461,1297,181327
2024,22,1,460,1312,182639
2024,22,1,459,1306,183945
2024,22,1,458,1306,185251
2024,22,1,457,1220,186471
2024,22,1,456,1283,187754
2024,22,1,455,1221,188975
2024,22,1,454,1232,190207
2024,22,1,453,1266,191473
2024,22,1,452,1211,192684
2024,22,1,451,1179,193863
2024,22,1,450,1194,195057
2024,22,1,449,1189,196246
2024,22,1,448,1188,197434
2024,22,1,447,1194,198628
2024,22,1,446,1202,199830
2024,22,1,445,1195,201025
2024,22,1,444,1174,202199
2024,22,1,443,1181,203380
2024,22,1,442,1122,204502
2024,22,1,441,1173,205675
2024,22,1,440,1242,206917
2024,22,1,439,1131,208048
2024,22,1,438,1132,209180
2024,22,1,437,1158,210338
2024,22,1,436,1098,211436
2024,22,1,435,1180,212616
2024,22,1,434,1097,213713
2024,22,1,433,1060,214773
2024,22,1,432,1118,215891
2024,22,1,431,1106,216997
2024,22,1,430,1075,218072
2024,22,1,429,1022,219094
2024,22,1,428,1035,220129
2024,22,1,427,1046,221175
2024,22,1,426,1035,222210
2024,22,1,425,965,223175
2024,22,1,424,1023,224198
2024,22,1,423,1043,225241
2024,22,1,422,982,226223
2024,22,1,421,1038,227261
2024,22,1,420,1000,228261
2024,22,1,419,964,229225
2024,22,1,418,989,230214
2024,22,1,417,1043,231257
2024,22,1,416,959,232216
2024,22,1,415,934,233150
2024,22,1,414,952,234102
2024,22,1,413,895,234997
2024,22,1,412,954,235951
2024,22,1,411,922,236873
2024,22,1,410,858,237731
2024,22,1,409,901,238632
2024,22,1,408,895,239527
2024,22,1,407,881,240408
2024,22,1,406,901,241309
2024,22,1,405,878,242187
2024,22,1,404,852,243039
2024,22,1,403,893,243932
2024,22,1,402,815,244747
2024,22,1,401,836,245583
2024,22,1,400,892,246475
2024,22,1,399,831,247306
2024,22,1,398,801,248107
2024,22,1,397,781,248888
2024,22,1,396,773,249661
2024,22,1,395,788,250449
2024,22,1,394,784,251233
2024,22,1,393,760,251993
2024,22,1,392,714,252707
2024,22,1,391,744,253451
2024,22,1,390,758,254209
2024,22,1,389,751,254960
2024,22,1,388,729,255689
2024,22,1,387,723,256412
2024,22,1,386,776,257188
2024,22,1,385,729,257917
2024,22,1,384,710,258627
2024,22,1,383,719,259346
2024,22,1,382,673,260019
2024,22,1,381,778,260797
2024,22,1,380,710,261507
2024,22,1,379,690,262197
2024,22,1,378,700,262897
2024,22,1,377,697,263594
2024,22,1,376,651,264245
2024,22,1,375,666,264911
2024,22,1,374,637,265548
2024,22,1,373,679,266227
2024,22,1,372,699,266926
2024,22,1,371,621,267547
2024,22,1,370,626,268173
2024,22,1,369,612,268785
2024,22,1,368,612,269397
2024,22,1,367,598,269995
2024,22,1,366,576,270571
2024,22,1,365,611,271182
2024,22,1,364,591,271773
2024,22,1,363,561,272334
2024,22,1,362,586,272920
2024,22,1,361,558,273478
2024,22,1,360,590,274068
2024,22,1,359,569,274637
2024,22,1,358,565,275202
2024,22,1,357,544,275746
2024,22,1,356,558,276304
2024,22,1,355,512,276816
2024,22,1,354,534,277350
2024,22,1,353,480,277830
2024,22,1,352,562,278392
2024,22,1,351,470,278862
2024,22,1,350,531,279393
2024,22,1,349,458,279851
2024,22,1,348,507,280358
2024,22,1,347,486,280844
2024,22,1,346,487,281331
2024,22,1,345,507,281838
2024,22,1,344,443,282281
2024,22,1,343,497,282778
2024,22,1,342,459,283237
2024,22,1,341,448,283685
2024,22,1,340,475,284160
2024,22,1,339,455,284615
2024,22,1,338,396,285011
2024,22,1,337,436,285447
2024,22,1,336,450,285897
2024,22,1,335,435,286332
2024,22,1,334,433,286765
2024,22,1,333,408,287173
2024,22,1,332,384,287557
2024,22,1,331,399,287956
2024,22,1,330,427,288383
2024,22,1,329,386,288769
2024,22,1,328,410,289179
2024,22,1,327,346,289525
2024,22,1,326,410,289935
2024,22,1,325,407,290342
2024,22,1,324,405,290747
2024,22,1,323,365,291112
2024,22,1,322,339,291451
2024,22,1,321,348,291799
2024,22,1,320,363,292162
2024,22,1,319,372,292534
2024,22,1,318,352,292886
2024,22,1,317,340,293226
2024,22,1,316,326,293552
2024,22,1,315,359,293911
2024,22,1,314,320,294231
2024,22,1,313,344,294575
2024,22,1,312,337,294912
2024,22,1,311,305,295217
2024,22,1,310,332,295549
2024,22,1,309,291,295840
2024,22,1,308,299,296139
2024,22,1,307,315,296454
2024,22,1,306,340,296794
2024,22,1,305,275,297069
2024,22,1,304,305,297374
2024,22,1,303,277,297651
2024,22,1,302,301,297952
2024,22,1,301,285,298237
2024,22,1,300,276,298513
2024,22,1,299,280,298793
2024,22,1,298,257,299050
2024,22,1,297,290,299340
2024,22,1,296,261,299601
2024,22,1,295,300,299901
2024,22,1,294,245,300146
2024,22,1,293,242,300388
2024,22,1,292,234,300622
2024,22,1,291,291,300913
2024,22,1,290,281,301194
2024,22,1,289,269,301463
2024,22,1,288,264,301727
2024,22,1,287,226,301953
2024,22,1,286,240,302193
2024,22,1,285,238,302431
2024,22,1,284,270,302701
2024,22,1,283,217,302918
2024,22,1,282,225,303143
2024,22,1,281,243,303386
2024,22,1,280,217,303603
2024,22,1,279,182,303785
2024,22,1,278,214,303999
2024,22,1,277,221,304220
2024,22,1,276,209,304429
2024,22,1,275,206,304635
2024,22,1,274,212,304847
2024,22,1,273,182,305029
2024,22,1,272,201,305230
2024,22,1,271,181,305411
2024,22,1,270,176,305587
2024,22,1,269,162,305749
2024,22,1,268,176,305925
2024,22,1,267,183,306108
2024,22,1,266,197,306305
2024,22,1,265,184,306489
2024,22,1,264,196,306685
2024,22,1,263,160,306845
2024,22,1,262,153,306998
2024,22,1,261,163,307161
2024,22,1,260,175,307336
2024,22,1,259,166,307502
2024,22,1,258,181,307683
2024,22,1,257,146,307829
2024,22,1,256,156,307985
2024,22,1,255,169,308154
2024,22,1,254,166,308320
2024,22,1,253,184,308504
2024,22,1,252,157,308661
2024,22,1,251,153,308814
2024,22,1,250,152,308966
2024,22,1,249,148,309114
2024,22,1,248,156,309270
2024,22,1,247,122,309392
2024,22,1,246,163,309555
2024,22,1,245,136,309691
2024,22,1,244,105,309796
2024,22,1,243,129,309925
2024,22,1,242,123,310048
2024,22,1,241,122,310170
2024,22,1,240,136,310306
2024,22,1,239,125,310431
2024,22,1,238,117,310548
2024,22,1,237,123,310671
2024,22,1,236,123,310794
2024,22,1,235,118,310912
2024,22,1,234,104,311016
2024,22,1,233,104,311120
2024,22,1,232,118,311238
2024,22,1,231,101,311339
2024,22,1,230,96,311435
2024,22,1,229,94,311529
2024,22,1,228,84,311613
2024,22,1,227,89,311702
2024,22,1,226,101,311803
2024,22,1,225,108,311911
2024,22,1,224,95,312006
2024,22,1,223,81,312087
2024,22,1,222,70,312157
2024,22,1,221,78,312235
2024,22,1,220,94,312329
2024,22,1,219,64,312393
2024,22,1,218,88,312481
2024,22,1,217,90,312571
2024,22,1,216,69,312640
2024,22,1,215,56,312696
2024,22,1,214,56,312752
2024,22,1,213,58,312810
2024,22,1,212,60,312870
2024,22,1,211,52,312922
2024,22,1,210,48,312970
2024,22,1,209,58,313028
2024,22,1,208,33,313061
2024,22,1,207,56,313117
2024,22,1,206,51,313168
2024,22,1,205,52,313220
2024,22,1,204,48,313268
2024,22,1,203,34,313302
2024,22,1,202,34,313336
2024,22,1,201,41,313377
2024,22,1,200,35,313412
2024,12,2,668,5,31
2024,12,2,667,3,34
2024,12,2,666,4,38
2024,12,2,665,5,43
2024,12,2,664,7,50
2024,12,2,663,1,51
2024,12,2,662,7,58
2024,12,2,661,6,64
2024,12,2,660,12,76
2024,12,2,659,10,86
2024,12,2,658,14,100
2024,12,2,657,12,112
2024,12,2,656,16,128
2024,12,2,655,19,147
2024,12,2,654,20,167
2024,12,2,653,18,185
2024,12,2,652,14,199
2024,12,2,651,17,216
2024,12,2,650,21,237
2024,12,2,649,17,254
2024,12,2,648,16,270
2024,12,2,647,21,291
2024,12,2,646,21,312
2024,12,2,645,38,350
2024,12,2,644,28,378
2024,12,2,643,23,401
2024,12,2,642,20,421
2024,12,2,641,36,457
2024,12,2,640,31,488
2024,12,2,639,38,526
2024,12,2,638,28,554
2024,12,2,637,39,593
2024,12,2,636,49,642
2024,12,2,635,60,702
2024,12,2,634,48,750
2024,12,2,633,39,789
2024,12,2,632,50,839
2024,12,2,631,48,887
2024,12,2,630,55,942
2024,12,2,629,45,987
2024,12,2,628,58,1045
2024,12,2,627,62,1107
2024,12,2,626,61,1168
2024,12,2,625,62,1230
2024,12,2,624,83,1313
2024,12,2,623,72,1385
2024,12,2,622,74,1459
2024,12,2,621,72,1531
2024,12,2,620,85,1616
2024,12,2,619,85,1701
2024,12,2,618,95,1796
2024,12,2,617,89,1885
2024,12,2,616,95,1980
2024,12,2,615,112,2092
2024,12,2,614,107,2199
2024,12,2,613,111,2310
2024,12,2,612,124,2434
2024,12,2,611,122,2556
2024,12,2,610,108,2664
2024,12,2,609,130,2794
2024,12,2,608,123,2917
2024,12,2,607,137,3054
2024,12,2,606,130,3184
2024,12,2,605,151,3335
2024,12,2,604,166,3501
2024,12,2,603,141,3642
2024,12,2,602,147,3789
2024,12,2,601,171,3960
2024,12,2,600,194,4154
2024,12,2,599,190,4344
2024,12,2,598,160,4504
2024,12,2,597,196,4700
2024,12,2,596,197,4897
2024,12,2,595,189,5086
2024,12,2,594,195,5281
2024,12,2,593,203,5484
2024,12,2,592,203,5687
2024,12,2,591,231,5918
2024,12,2,590,227,6145
2024,12,2,589,218,6363
2024,12,2,588,193,6556
2024,12,2,587,255,6811
2024,12,2,586,234,7045
2024,12,2,585,258,7303
2024,12,2,584,276,7579
2024,12,2,583,273,7852
2024,12,2,582,270,8122
2024,12,2,581,298,8420
2024,12,2,580,280,8700
2024,12,2,579,287,8987
2024,12,2,578,290,9277
2024,12,2,577,310,9587
2024,12,2,576,343,9930
2024,12,2,575,339,10269
2024,12,2,574,353,10622
2024,12,2,573,364,10986
2024,12,2,572,316,11302
2024,12,2,571,349,11651
2024,12,2,570,373,12024
2024,12,2,569,373,12397
2024,12,2,568,370,12767
2024,12,2,567,425,13192
2024,12,2,566,427,13619
2024,12,2,565,413,14032
2024,12,2,564,399,14431
2024,12,2,563,436,14867
2024,12,2,562,446,15313
2024,12,2,561,420,15733
2024,12,2,560,440,16173
2024,12,2,559,485,16658
2024,12,2,558,435,17093
2024,12,2,557,461,17554
2024,12,2,556,492,18046
2024,12,2,555,524,18570
2024,12,2,554,526,19096
2024,12,2,553,532,19628
2024,12,2,552,551,20179
2024,12,2,551,504,20683
2024,12,2,550,606,21289
2024,12,2,549,547,21836
2024,12,2,548,607,22443
2024,12,2,547,613,23056
2024,12,2,546,621,23677
2024,12,2,545,632,24309
2024,12,2,544,603,24912
2024,12,2,543,623,25535
2024,12,2,542,584,26119
2024,12,2,541,630,26749
2024,12,2,540,627,27376
2024,12,2,539,658,28034
2024,12,2,538,631,28665
2024,12,2,537,727,29392
2024,12,2,536,685,30077
2024,12,2,535,696,30773
2024,12,2,534,743,31516
2024,12,2,533,726,32242
2024,12,2,532,764,33006
2024,12,2,531,730,33736
2024,12,2,530,786,34522
2024,12,2,529,774,35296
2024,12,2,528,811,36107
2024,12,2,527,766,36873
2024,12,2,526,812,37685
2024,12,2,525,832,38517
2024,12,2,524,827,39344
2024,12,2,523,846,40190
2024,12,2,522,797,40987
2024,12,2,521,842,41829
2024,12,2,520,833,42662
2024,12,2,519,835,43497
2024,12,2,518,854,44351
2024,12,2,517,865,45216
2024,12,2,516,887,46103
2024,12,2,515,856,46959
2024,12,2,514,922,47881
2024,12,2,513,894,48775
2024,12,2,512,886,49661
2024,12,2,511,870,50531
2024,12,2,510,936,51467
2024,12,2,509,937,52404
2024,12,2,508,942,53346
2024,12,2,507,936,54282
2024,12,2,506,964,55246
2024,12,2,505,981,56227
2024,12,2,504,1015,57242
2024,12,2,503,944,58186
2024,12,2,502,962,59148
2024,12,2,501,1031,60179
2024,12,2,500,1026,61205
2024,12,2,499,1024,62229
2024,12,2,498,1002,63231
2024,12,2,497,1008,64239
2024,12,2,496,1020,65259
2024,12,2,495,987,66246
2024,12,2,494,1072,67318
2024,12,2,493,1084,68402
2024,12,2,492,1062,69464
2024,12,2,491,1066,70530
2024,12,2,490,1060,71590
2024,12,2,489,1039,72629
2024,12,2,488,1087,73716
2024,12,2,487,1044,74760
2024,12,2,486,1069,75829
2024,12,2,485,1056,76885
2024,12,2,484,1061,77946
2024,12,2,483,1045,78991
2024,12,2,482,1063,80054
2024,12,2,481,1063,81117
2024,12,2,480,1088,82205
2024,12,2,479,1114,83319
2024,12,2,478,1134,84453
2024,12,2,477,1122,85575
2024,12,2,476,1089,86664
2024,12,2,475,1112,87776
2024,12,2,474,1118,88894
2024,12,2,473,1097,89991
2024,12,2,472,1094,91085
2024,12,2,471,1050,92135
2024,12,2,470,1098,93233
2024,12,2,469,1118,94351
2024,12,2,468,1125,95476
2024,12,2,467,1156,96632
2024,12,2,466,1111,97743
2024,12,2,465,1168,98911
2024,12,2,464,1129,100040
2024,12,2,463,1139,101179
2024,12,2,462,1147,102326
2024,12,2,461,1118,103444
2024,12,2,460,1104,104548
2024,12,2,459,1078,105626
2024,12,2,458,1136,106762
2024,12,2,457,1176,107938
2024,12,2,456,1139,109077
2024,12,2,455,1090,110167
2024,12,2,454,1127,111294
2024,12,2,453,1103,112397
2024,12,2,452,1133,113530
2024,12,2,451,1113,114643
2024,12,2,450,1183,115826
2024,12,2,449,1139,116965
2024,12,2,448,1215,118180
2024,12,2,447,1170,119350
2024,12,2,446,1134,120484
2024,12,2,445,1126,121610
2024,12,2,444,1154,122764
2024,12,2,443,1204,123968
2024,12,2,442,1100,125068
2024,12,2,441,1116,126184
2024,12,2,440,1086,127270
2024,12,2,439,1185,128455
2024,12,2,438,1205,129660
2024,12,2,437,1171,130831
2024,12,2,436,1148,131979
2024,12,2,435,1112,133091
2024,12,2,434,1137,134228
2024,12,2,433,1059,135287
2024,12,2,432,1136,136423
2024,12,2,431,1140,137563
2024,12,2,430,1247,138810
2024,12,2,429,1158,139968
2024,12,2,428,1184,141152
2024,12,2,427,1149,142301
2024,12,2,426,1112,143413
2024,12,2,425,1156,144569
2024,12,2,424,1166,145735
2024,12,2,423,1160,146895
2024,12,2,422,1173,148068
2024,12,2,421,1129,149197
2024,12,2,420,1182,150379
2024,12,2,419,1142,151521
2024,12,2,418,1200,152721
2024,12,2,417,1215,153936
2024,12,2,416,1168,155104
2024,12,2,415,1221,156325
2024,12,2,414,1168,157493
2024,12,2,413,1141,158634
2024,12,2,412,1176,159810
2024,12,2,411,1177,160987
2024,12,2,410,1222,162209
2024,12,2,409,1148,163357
2024,12,2,408,1228,164585
2024,12,2,407,1152,165737
2024,12,2,406,1179,166916
2024,12,2,405,1148,168064
2024,12,2,404,1199,169263
2024,12,2,403,1184,170447
2024,12,2,402,1206,171653
2024,12,2,401,1231,172884
2024,12,2,400,1290,174174
2024,12,2,399,1205,175379
2024,12,2,398,1173,176552
2024,12,2,397,1209,177761
2024,12,2,396,1270,179031
2024,12,2,395,1222,180253
2024,12,2,394,1239,181492
2024,12,2,393,1211,182703
2024,12,2,392,1230,183933
2024,12,2,391,1249,185182
2024,12,2,390,1230,186412
2024,12,2,389,1240,187652
2024,12,2,388,1206,188858
2024,12,2,387,1267,190125
2024,12,2,386,1277,191402
2024,12,2,385,1276,192678
2024,12,2,384,1253,193931
2024,12,2,383,1270,195201
2024,12,2,382,1263,196464
2024,12,2,381,1235,197699
2024,12,2,380,1311,199010
2024,12,2,379,1214,200224
2024,12,2,378,1240,201464
2024,12,2,377,1228,202692
2024,12,2,376,1278,203970
2024,12,2,375,1297,205267
2024,12,2,374,1315,206582
2024,12,2,373,1263,207845
2024,12,2,372,1271,209116
2024,12,2,371,1256,210372
2024,12,2,370,1333,211705
2024,12,2,369,1295,213000
2024,12,2,368,1237,214237
2024,12,2,367,1262,215499
2024,12,2,366,1318,216817
2024,12,2,365,1317,218134
2024,12,2,364,1293,219427
2024,12,2,363,1378,220805
2024,12,2,362,1290,222095
2024,12,2,361,1345,223440
2024,12,2,360,1328,224768
2024,12,2,359,1231,225999
2024,12,2,358,1253,227252
2024,12,2,357,1218,228470
2024,12,2,356,1294,229764
2024,12,2,355,1273,231037
2024,12,2,354,1270,232307
2024,12,2,353,1299,233606
2024,12,2,352,1363,234969
2024,12,2,351,1291,236260
2024,12,2,350,1298,237558
2024,12,2,349,1350,238908
2024,12,2,348,1293,240201
2024,12,2,347,1277,241478
2024,12,2,346,1302,242780
2024,12,2,345,1277,244057
2024,12,2,344,1245,245302
2024,12,2,343,1271,246573
2024,12,2,342,1263,247836
2024,12,2,341,1306,249142
2024,12,2,340,1257,250399
2024,12,2,339,1218,251617
2024,12,2,338,1275,252892
2024,12,2,337,1265,254157
2024,12,2,336,1273,255430
2024,12,2,335,1276,256706
2024,12,2,334,1243,257949
2024,12,2,333,1212,259161
2024,12,2,332,1220,260381
2024,12,2,331,1244,261625
2024,12,2,330,1212,262837
2024,12,2,329,1258,264095
2024,12,2,328,1253,265348
2024,12,2,327,1211,266559
2024,12,2,326,1199,267758
2024,12,2,325,1208,268966
2024,12,2,324,1182,270148
2024,12,2,323,1252,271400
2024,12,2,322,1205,272605
2024,12,2,321,1161,273766
2024,12,2,320,1178,274944
2024,12,2,319,1168,276112
2024,12,2,318,1172,277284
2024,12,2,317,1214,278498
2024,12,2,316,1125,279623
2024,12,2,315,1131,280754
2024,12,2,314,1164,281918
2024,12,2,313,1116,283034
2024,12,2,312,1116,284150
2024,12,2,311,1161,285311
2024,12,2,310,1098,286409
2024,12,2,309,1033,287442
2024,12,2,308,1069,288511
2024,12,2,307,1053,289564
2024,12,2,306,1094,290658
2024,12,2,305,1105,291763
2024,12,2,304,1055,292818
2024,12,2,303,1080,293898
2024,12,2,302,1039,294937
2024,12,2,301,976,295913
2024,12,2,300,1026,296939
2024,12,1,696,5,50
2024,12,1,695,11,61
2024,12,1,694,18,79
2024,12,1,693,25,104
2024,12,1,692,10,114
2024,12,1,691,19,133
2024,12,1,690,19,152
2024,12,1,689,14,166
2024,12,1,688,16,182
2024,12,1,687,27,209
2024,12,1,686,19,228
2024,12,1,685,25,253
2024,12,1,684,19,272
2024,12,1,683,24,296
2024,12,1,682,28,324
2024,12,1,681,38,362
2024,12,1,680,36,398
2024,12,1,679,40,438
2024,12,1,678,44,482
2024,12,1,677,41,523
2024,12,1,676,48,571
2024,12,1,675,49,620
2024,12,1,674,62,682
2024,12,1,673,62,744
2024,12,1,672,74,818
2024,12,1,671,54,872
2024,12,1,670,72,944
2024,12,1,669,84,1028
2024,12,1,668,70,1098
2024,12,1,667,74,1172
2024,12,1,666,70,1242
2024,12,1,665,88,1330
2024,12,1,664,97,1427
2024,12,1,663,107,1534
2024,12,1,662,115,1649
2024,12,1,661,103,1752
2024,12,1,660,131,1883
2024,12,1,659,114,1997
2024,12,1,658,136,2133
2024,12,1,657,157,2290
2024,12,1,656,150,2440
2024,12,1,655,138,2578
2024,12,1,654,155,2733
2024,12,1,653,147,2880
2024,12,1,652,164,3044
2024,12,1,651,177,3221
2024,12,1,650,165,3386
2024,12,1,649,179,3565
2024,12,1,648,161,3726
2024,12,1,647,191,3917
2024,12,1,646,201,4118
2024,12,1,645,195,4313
2024,12,1,644,201,4514
2024,12,1,643,231,4745
2024,12,1,642,212,4957
2024,12,1,641,241,5198
2024,12,1,640,231,5429
2024,12,1,639,265,5694
2024,12,1,638,273,5967
2024,12,1,637,254,6221
2024,12,1,636,255,6476
2024,12,1,635,293,6769
2024,12,1,634,294,7063
2024,12,1,633,278,7341
2024,12,1,632,290,7631
2024,12,1,631,294,7925
2024,12,1,630,332,8257
2024,12,1,629,316,8573
2024,12,1,628,287,8860
2024,12,1,627,347,9207
2024,12,1,626,365,9572
2024,12,1,625,364,9936
2024,12,1,624,359,10295
2024,12,1,623,391,10686
2024,12,1,622,387,11073
2024,12,1,621,396,11469
2024,12,1,620,406,11875
2024,12,1,619,440,12315
2024,12,1,618,437,12752
2024,12,1,617,430,13182
2024,12,1,616,421,13603
2024,12,1,615,492,14095
2024,12,1,614,474,14569
2024,12,1,613,431,15000
2024,12,1,612,500,15500
2024,12,1,611,513,16013
2024,12,1,610,502,16515
2024,12,1,609,540,17055
2024,12,1,608,550,17605
2024,12,1,607,553,18158
2024,12,1,606,555,18713
2024,12,1,605,576,19289
2024,12,1,604,656,19945
2024,12,1,603,623,20568
2024,12,1,602,631,21199
2024,12,1,601,659,21858
2024,12,1,600,690,22548
2024,12,1,599,653,23201
2024,12,1,598,688,23889
2024,12,1,597,706,24595
2024,12,1,596,705,25300
2024,12,1,595,745,26045
2024,12,1,594,733,26778
2024,12,1,593,749,27527
2024,12,1,592,812,28339
2024,12,1,591,810,29149
2024,12,1,590,782,29931
2024,12,1,589,793,30724
2024,12,1,588,791,31515
2024,12,1,587,867,32382
2024,12,1,586,845,33227
2024,12,1,585,889,34116
2024,12,1,584,883,34999
2024,12,1,583,899,35898
2024,12,1,582,967,36865
2024,12,1,581,951,37816
2024,12,1,580,979,38795
2024,12,1,579,960,39755
2024,12,1,578,972,40727
2024,12,1,577,1030,41757
2024,12,1,576,1055,42812
2024,12,1,575,1070,43882
2024,12,1,574,1054,44936
2024,12,1,573,1145,46081
2024,12,1,572,1083,47164
2024,12,1,571,1145,48309
2024,12,1,570,1101,49410
2024,12,1,569,1109,50519
2024,12,1,568,1126,51645
2024,12,1,567,1271,52916
2024,12,1,566,1231,54147
2024,12,1,565,1235,55382
2024,12,1,564,1285,56667
2024,12,1,563,1288,57955
2024,12,1,562,1229,59184
2024,12,1,561,1316,60500
2024,12,1,560,1368,61868
2024,12,1,559,1366,63234
2024,12,1,558,1322,64556
2024,12,1,557,1386,65942
2024,12,1,556,1461,67403
2024,12,1,555,1458,68861
2024,12,1,554,1465,70326
2024,12,1,553,1529,71855
2024,12,1,552,1560,73415
2024,12,1,551,1482,74897
2024,12,1,550,1638,76535
2024,12,1,549,1574,78109
2024,12,1,548,1649,79758
2024,12,1,547,1667,81425
2024,12,1,546,1668,83093
2024,12,1,545,1688,84781
2024,12,1,544,1652,86433
2024,12,1,543,1695,88128
2024,12,1,542,1744,89872
2024,12,1,541,1755,91627
2024,12,1,540,1747,93374
2024,12,1,539,1788,95162
2024,12,1,538,1827,96989
2024,12,1,537,1868,98857
2024,12,1,536,1865,100722
2024,12,1,535,1879,102601
2024,12,1,534,1920,104521
2024,12,1,533,1903,106424
2024,12,1,532,1962,108386
2024,12,1,531,1891,110277
2024,12,1,530,2029,112306
2024,12,1,529,2036,114342
2024,12,1,528,2097,116439
2024,12,1,527,2049,118488
2024,12,1,526,2075,120563
2024,12,1,525,2103,122666
2024,12,1,524,2191,124857
2024,12,1,523,2083,126940
2024,12,1,522,2098,129038
2024,12,1,521,2193,131231
2024,12,1,520,2138,133369
2024,12,1,519,2182,135551
2024,12,1,518,2241,137792
2024,12,1,517,2249,140041
2024,12,1,516,2302,142343
2024,12,1,515,2333,144676
2024,12,1,514,2294,146970
2024,12,1,513,2330,149300
2024,12,1,512,2237,151537
2024,12,1,511,2292,153829
2024,12,1,510,2310,156139
2024,12,1,509,2345,158484
2024,12,1,508,2387,160871
2024,12,1,507,2397,163268
2024,12,1,506,2390,165658
2024,12,1,505,2424,168082
2024,12,1,504,2411,170493
2024,12,1,503,2426,172919
2024,12,1,502,2408,175327
2024,12,1,501,2427,177754
2024,12,1,500,2478,180232
2024,12,1,499,2472,182704
2024,12,1,498,2373,185077
2024,12,1,497,2554,187631
2024,12,1,496,2492,190123
2024,12,1,495,2473,192596
2024,12,1,494,2526,195122
2024,12,1,493,2636,197758
2024,12,1,492,2557,200315
2024,12,1,491,2567,202882
2024,12,1,490,2505,205387
2024,12,1,489,2499,207886
2024,12,1,488,2569,210455
2024,12,1,487,2466,212921
2024,12,1,486,2554,215475
2024,12,1,485,2512,217987
2024,12,1,484,2545,220532
2024,12,1,483,2541,223073
2024,12,1,482,2535,225608
2024,12,1,481,2522,228130
2024,12,1,480,2558,230688
2024,12,1,479,2519,233207
2024,12,1,478,2611,235818
2024,12,1,477,2575,238393
2024,12,1,476,2449,240842
2024,12,1,475,2496,243338
2024,12,1,474,2520,245858
2024,12,1,473,2559,248417
2024,12,1,472,2527,250944
2024,12,1,471,2335,253279
2024,12,1,470,2502,255781
2024,12,1,469,2442,258223
2024,12,1,468,2500,260723
2024,12,1,467,2567,263290
2024,12,1,466,2465,265755
2024,12,1,465,2504,268259
2024,12,1,464,2510,270769
2024,12,1,463,2494,273263
2024,12,1,462,2444,275707
2024,12,1,461,2428,278135
2024,12,1,460,2454,280589
2024,12,1,459,2464,283053
2024,12,1,458,2433,285486
2024,12,1,457,2530,288016
2024,12,1,456,2383,290399
2024,12,1,455,2335,292734
2024,12,1,454,2402,295136
2024,12,1,453,2410,297546
2024,12,1,452,2404,299950
2024,12,1,451,2349,302299
2024,12,1,450,2391,304690
2024,12,1,449,2361,307051
2024,12,1,448,2445,309496
2024,12,1,447,2366,311862
2024,12,1,446,2365,314227
2024,12,1,445,2370,316597
2024,12,1,444,2338,318935
2024,12,1,443,2414,321349
2024,12,1,442,2308,323657
2024,12,1,441,2271,325928
2024,12,1,440,2201,328129
2024,12,1,439,2314,330443
2024,12,1,438,2363,332806
2024,12,1,437,2322,335128
2024,12,1,436,2276,337404
2024,12,1,435,2212,339616
2024,12,1,434,2263,341879
2024,12,1,433,2120,343999
2024,12,1,432,2173,346172
2024,12,1,431,2230,348402
2024,12,1,430,2365,350767
2024,12,1,429,2228,352995
2024,12,1,428,2237,355232
2024,12,1,427,2163,357395
2024,12,1,426,2143,359538
2024,12,1,425,2218,361756
2024,12,1,424,2193,363949
2024,12,1,423,2205,366154
2024,12,1,422,2149,368303
2024,12,1,421,2173,370476
2024,12,1,420,2154,372630
2024,12,1,419,2140,374770
2024,12,1,418,2155,376925
2024,12,1,417,2172,379097
2024,12,1,416,2131,381228
2024,12,1,415,2180,383408
2024,12,1,414,2107,385515
2024,12,1,413,2111,387626
2024,12,1,412,2123,389749
2024,12,1,411,2046,391795
2024,12,1,410,2122,393917
2024,12,1,409,2059,395976
2024,12,1,408,2136,398112
2024,12,1,407,2024,400136
2024,12,1,406,2054,402190
2024,12,1,405,2027,404217
2024,12,1,404,2021,406238
2024,12,1,403,2056,408294
2024,12,1,402,2018,410312
2024,12,1,401,1966,412278
2024,12,1,400,2136,414414
2024,12,1,399,2003,416417
2024,12,1,398,2000,418417
2024,12,1,397,2051,420468
2024,12,1,396,2126,422594
2024,12,1,395,2054,424648
2024,12,1,394,2006,426654
2024,12,1,393,1983,428637
2024,12,1,392,1963,430600
2024,12,1,391,2041,432641
2024,12,1,390,1944,434585
2024,12,1,389,1992,436577
2024,12,1,388,1977,438554
2024,12,1,387,2012,440566
2024,12,1,386,2038,442604
2024,12,1,385,1985,444589
2024,12,1,384,1974,446563
2024,12,1,383,1981,448544
2024,12,1,382,1966,450510
2024,12,1,381,1938,452448
2024,12,1,380,1984,454432
2024,12,1,379,1867,456299
2024,12,1,378,1939,458238
2024,12,1,377,1907,460145
2024,12,1,376,1955,462100
2024,12,1,375,1967,464067
2024,12,1,374,1993,466060
2024,12,1,373,1886,467946
2024,12,1,372,1922,469868
2024,12,1,371,1920,471788
2024,12,1,370,1972,473760
2024,12,1,369,1933,475693
2024,12,1,368,1861,477554
2024,12,1,367,1868,479422
2024,12,1,366,1929,481351
2024,12,1,365,1963,483314
2024,12,1,364,1876,485190
2024,12,1,363,1980,487170
2024,12,1,362,1911,489081
2024,12,1,361,1908,490989
2024,12,1,360,1918,492907
2024,12,1,359,1825,494732
2024,12,1,358,1815,496547
2024,12,1,357,1752,498299
2024,12,1,356,1836,500135
2024,12,1,355,1809,501944
2024,12,1,354,1820,503764
2024,12,1,353,1870,505634
2024,12,1,352,1869,507503
2024,12,1,351,1834,509337
2024,12,1,350,1835,511172
2024,12,1,349,1870,513042
2024,12,1,348,1815,514857
2024,12,1,347,1794,516651
2024,12,1,346,1811,518462
2024,12,1,345,1739,520201
2024,12,1,344,1720,521921
2024,12,1,343,1740,523661
2024,12,1,342,1718,525379
2024,12,1,341,1775,527154
2024,12,1,340,1703,528857
2024,12,1,339,1627,530484
2024,12,1,338,1724,532208
2024,12,1,337,1754,533962
2024,12,1,336,1749,535711
2024,12,1,335,1720,537431
2024,12,1,334,1734,539165
2024,12,1,333,1672,540837
2024,12,1,332,1639,542476
2024,12,1,331,1700,544176
2024,12,1,330,1618,545794
2024,12,1,329,1699,547493
2024,12,1,328,1674,549167
2024,12,1,327,1606,550773
2024,12,1,326,1646,552419
2024,12,1,325,1615,554034
2024,12,1,324,1551,555585
2024,12,1,323,1631,557216
2024,12,1,322,1571,558787
2024,12,1,321,1564,560351
2024,12,1,320,1564,561915
2024,12,1,319,1529,563444
2024,12,1,318,1558,565002
2024,12,1,317,1570,566572
2024,12,1,316,1473,568045
2024,12,1,315,1497,569542
2024,12,1,314,1511,571053
2024,12,1,313,1446,572499
2024,12,1,312,1462,573961
2024,12,1,311,1510,575471
2024,12,1,310,1417,576888
2024,12,1,309,1381,578269
2024,12,1,308,1368,579637
2024,12,1,307,1378,581015
2024,12,1,306,1435,582450
2024,12,1,305,1423,583873
2024,12,1,304,1349,585222
2024,12,1,303,1404,586626
2024,12,1,302,1336,587962
2024,12,1,301,1274,589236
2024,12,1,300,1308,590544
2024,7,2,648,11,11
2024,7,2,647,1,12
2024,7,2,646,1,13
2024,7,2,645,2,15
2024,7,2,644,0,15
2024,7,2,643,2,17
2024,7,2,642,1,18
2024,7,2,641,3,21
2024,7,2,640,1,22
2024,7,2,639,5,27
2024,7,2,638,2,29
2024,7,2,637,5,34
2024,7,2,636,3,37
2024,7,2,635,4,41
2024,7,2,634,5,46
2024,7,2,633,2,48
2024,7,2,632,3,51
2024,7,2,631,3,54
2024,7,2,630,6,60
2024,7,2,629,2,62
2024,7,2,628,7,69
2024,7,2,627,8,77
2024,7,2,626,7,84
2024,7,2,625,8,92
2024,7,2,624,23,115
2024,7,2,623,12,127
2024,7,2,622,7,134
2024,7,2,621,7,141
2024,7,2,620,13,154
2024,7,2,619,9,163
2024,7,2,618,12,175
2024,7,2,617,8,183
2024,7,2,616,15,198
2024,7,2,615,11,209
2024,7,2,614,12,221
2024,7,2,613,10,231
2024,7,2,612,9,240
2024,7,2,611,19,259
2024,7,2,610,18,277
2024,7,2,609,17,294
2024,7,2,608,22,316
2024,7,2,607,21,337
2024,7,2,606,16,353
2024,7,2,605,22,375
2024,7,2,604,12,387
2024,7,2,603,14,401
2024,7,2,602,30,431
2024,7,2,601,16,447
2024,7,2,600,20,467
2024,7,2,599,22,489
2024,7,2,598,25,514
2024,7,2,597,27,541
2024,7,2,596,21,562
2024,7,2,595,27,589
2024,7,2,594,32,621
2024,7,2,593,35,656
2024,7,2,592,37,693
2024,7,2,591,36,729
2024,7,2,590,28,757
2024,7,2,589,37,794
2024,7,2,588,37,831
2024,7,2,587,34,865
2024,7,2,586,36,901
2024,7,2,585,42,943
2024,7,2,584,38,981
2024,7,2,583,55,1036
2024,7,2,582,44,1080
2024,7,2,581,52,1132
2024,7,2,580,54,1186
2024,7,2,579,55,1241
2024,7,2,578,51,1292
2024,7,2,577,46,1338
2024,7,2,576,57,1395
2024,7,2,575,55,1450
2024,7,2,574,60,1510
2024,7,2,573,43,1553
2024,7,2,572,56,1609
2024,7,2,571,60,1669
2024,7,2,570,69,1738
2024,7,2,569,54,1792
2024,7,2,568,66,1858
2024,7,2,567,75,1933
2024,7,2,566,74,2007
2024,7,2,565,82,2089
2024,7,2,564,50,2139
2024,7,2,563,51,2190
2024,7,2,562,82,2272
2024,7,2,561,82,2354
2024,7,2,560,86,2440
2024,7,2,559,69,2509
2024,7,2,558,73,2582
2024,7,2,557,75,2657
2024,7,2,556,94,2751
2024,7,2,555,103,2854
2024,7,2,554,100,2954
2024,7,2,553,87,3041
2024,7,2,552,78,3119
2024,7,2,551,80,3199
2024,7,2,550,96,3295
2024,7,2,549,94,3389
2024,7,2,548,109,3498
2024,7,2,547,106,3604
2024,7,2,597,214,8407
2024,7,2,596,219,8626
2024,7,2,595,224,8850
2024,7,2,594,208,9058
2024,7,2,593,250,9308
2024,7,2,592,212,9520
2024,7,2,591,267,9787
2024,7,2,590,271,10058
2024,7,2,589,276,10334
2024,7,2,588,237,10571
2024,7,2,587,285,10856
2024,7,2,586,288,11144
2024,7,2,585,265,11409
2024,7,2,584,270,11679
2024,7,2,583,269,11948
2024,7,2,582,293,12241
2024,7,2,581,320,12561
2024,7,2,580,313,12874
2024,7,2,579,275,13149
2024,7,2,578,283,13432
2024,7,2,577,287,13719
2024,7,2,576,329,14048
2024,7,2,575,332,14380
2024,7,2,574,321,14701
2024,7,2,573,303,15004
2024,7,2,572,340,15344
2024,7,2,571,346,15690
2024,7,2,570,363,16053
2024,7,2,569,312,16365
2024,7,2,568,346,16711
2024,7,2,567,347,17058
2024,7,2,566,342,17400
2024,7,2,565,347,17747
2024,7,2,564,321,18068
2024,7,2,563,327,18395
2024,7,2,562,327,18722
2024,7,2,561,374,19096
2024,7,2,560,356,19452
2024,7,2,559,394,19846
2024,7,2,558,365,20211
2024,7,2,557,373,20584
2024,7,2,556,376,20960
2024,7,2,555,406,21366
2024,7,2,554,391,21757
2024,7,2,553,389,22146
2024,7,2,552,418,22564
2024,7,2,551,401,22965
2024,7,2,550,401,23366
2024,7,2,549,398,23764
2024,7,2,548,434,24198
2024,7,2,547,397,24595
2024,7,2,546,111,3715
2024,7,2,545,112,3827
2024,7,2,544,114,3941
2024,7,2,543,122,4063
2024,7,2,542,94,4157
2024,7,2,541,120,4277
2024,7,2,540,106,4383
2024,7,2,539,104,4487
2024,7,2,538,148,4635
2024,7,2,537,129,4764
2024,7,2,536,112,4876
2024,7,2,535,122,4998
2024,7,2,534,152,5150
2024,7,2,533,139,5289
2024,7,2,532,149,5438
2024,7,2,531,163,5601
2024,7,2,530,125,5726
2024,7,2,529,126,5852
2024,7,2,528,144,5996
2024,7,2,527,171,6167
2024,7,2,526,172,6339
2024,7,2,525,187,6526
2024,7,2,524,144,6670
2024,7,2,523,152,6822
2024,7,2,522,147,6969
2024,7,2,521,171,7140
2024,7,2,520,153,7293
2024,7,2,519,152,7445
2024,7,2,518,154,7599
2024,7,2,517,141,7740
2024,7,2,516,166,7906
2024,7,2,515,166,8072
2024,7,2,514,148,8220
2024,7,2,513,162,8382
2024,7,2,512,148,8530
2024,7,2,511,172,8702
2024,7,2,510,171,8873
2024,7,2,509,167,9040
2024,7,2,508,185,9225
2024,7,2,507,218,9443
2024,7,2,506,215,9658
2024,7,2,505,205,9863
2024,7,2,504,197,10060
2024,7,2,503,203,10263
2024,7,2,502,214,10477
2024,7,2,501,219,10696
2024,7,2,500,199,10895
2024,7,2,499,214,11109
2024,7,2,498,195,11304
2024,7,2,497,202,11506
2024,7,2,496,209,11715
2024,7,2,495,221,11936
2024,7,2,494,211,12147
2024,7,2,493,204,12351
2024,7,2,492,212,12563
2024,7,2,491,220,12783
2024,7,2,490,230,13013
2024,7,2,489,230,13243
2024,7,2,488,224,13467
2024,7,2,487,234,13701
2024,7,2,486,248,13949
2024,7,2,485,243,14192
2024,7,2,484,244,14436
2024,7,2,483,239,14675
2024,7,2,482,275,14950
2024,7,2,481,249,15199
2024,7,2,480,233,15432
2024,7,2,479,243,15675
2024,7,2,478,224,15899
2024,7,2,477,296,16195
2024,7,2,476,281,16476
2024,7,2,475,234,16710
2024,7,2,474,262,16972
2024,7,2,473,257,17229
2024,7,2,472,265,17494
2024,7,2,471,263,17757
2024,7,2,470,274,18031
2024,7,2,469,260,18291
2024,7,2,468,249,18540
2024,7,2,467,284,18824
2024,7,2,466,247,19071
2024,7,2,465,295,19366
2024,7,2,464,285,19651
2024,7,2,463,289,19940
2024,7,2,462,261,20201
2024,7,2,461,292,20493
2024,7,2,460,269,20762
2024,7,2,459,282,21044
2024,7,2,458,290,21334
2024,7,2,457,288,21622
2024,7,2,456,273,21895
2024,7,2,455,284,22179
2024,7,2,454,268,22447
2024,7,2,453,254,22701
2024,7,2,452,286,22987
2024,7,2,451,268,23255
2024,7,2,450,300,23555
2024,7,2,449,287,23842
2024,7,2,448,243,24085
2024,7,2,447,269,24354
2024,7,2,446,318,24672
2024,7,1,699,12,12
2024,7,1,698,2,14
2024,7,1,697,3,17
2024,7,1,696,2,19
2024,7,1,695,9,28
2024,7,1,694,3,31
2024,7,1,693,2,33
2024,7,1,692,4,37
2024,7,1,691,3,40
2024,7,1,690,8,48
2024,7,1,689,10,58
2024,7,1,688,7,65
2024,7,1,687,9,74
2024,7,1,686,17,91
2024,7,1,685,13,104
2024,7,1,684,19,123
2024,7,1,683,13,136
2024,7,1,682,13,149
2024,7,1,681,14,163
2024,7,1,680,13,176
2024,7,1,679,11,187
2024,7,1,678,19,206
2024,7,1,677,10,216
2024,7,1,676,12,228
2024,7,1,675,28,256
2024,7,1,674,30,286
2024,7,1,673,29,315
2024,7,1,672,25,340
2024,7,1,671,25,365
2024,7,1,670,21,386
2024,7,1,669,36,422
2024,7,1,668,32,454
2024,7,1,667,22,476
2024,7,1,666,27,503
2024,7,1,665,32,535
2024,7,1,664,42,577
2024,7,1,663,41,618
2024,7,1,662,36,654
2024,7,1,661,34,688
2024,7,1,660,51,739
2024,7,1,659,44,783
2024,7,1,658,50,833
2024,7,1,657,39,872
2024,7,1,656,53,925
2024,7,1,655,50,975
2024,7,1,654,58,1033
2024,7,1,653,51,1084
2024,7,1,652,48,1132
2024,7,1,651,59,1191
2024,7,1,650,63,1254
2024,7,1,649,61,1315
2024,7,1,648,60,1375
2024,7,1,647,65,1440
2024,7,1,646,54,1494
2024,7,1,645,81,1575
2024,7,1,644,60,1635
2024,7,1,643,87,1722
2024,7,1,642,78,1800
2024,7,1,641,84,1884
2024,7,1,640,81,1965
2024,7,1,639,72,2037
2024,7,1,638,68,2105
2024,7,1,637,104,2209
2024,7,1,636,88,2297
2024,7,1,635,93,2390
2024,7,1,634,97,2487
2024,7,1,633,108,2595
2024,7,1,632,102,2697
2024,7,1,631,81,2778
2024,7,1,630,119,2897
2024,7,1,629,107,3004
2024,7,1,628,121,3125
2024,7,1,627,109,3234
2024,7,1,626,141,3375
2024,7,1,625,123,3498
2024,7,1,624,103,3601
2024,7,1,623,129,3730
2024,7,1,622,151,3881
2024,7,1,621,138,4019
2024,7,1,620,140,4159
2024,7,1,619,128,4287
2024,7,1,618,147,4434
2024,7,1,617,140,4574
2024,7,1,616,181,4755
2024,7,1,615,182,4937
2024,7,1,614,179,5116
2024,7,1,613,192,5308
2024,7,1,612,171,5479
2024,7,1,611,177,5656
2024,7,1,610,178,5834
2024,7,1,609,181,6015
2024,7,1,608,190,6205
2024,7,1,607,191,6396
2024,7,1,606,190,6586
2024,7,1,605,192,6778
2024,7,1,604,190,6968
2024,7,1,603,203,7171
2024,7,1,602,171,7342
2024,7,1,601,200,7542
2024,7,1,600,219,7761
2024,7,1,599,228,7989
2024,7,1,598,204,8193
2024,7,1,597,214,8407
2024,7,1,596,219,8626
2024,7,1,595,224,8850
2024,7,1,594,208,9058
2024,7,1,593,250,9308
2024,7,1,592,212,9520
2024,7,1,591,267,9787
2024,7,1,590,271,10058
2024,7,1,589,276,10334
2024,7,1,588,237,10571
2024,7,1,587,285,10856
2024,7,1,586,288,11144
2024,7,1,585,265,11409
2024,7,1,584,270,11679
2024,7,1,583,269,11948
2024,7,1,582,293,12241
2024,7,1,581,320,12561
2024,7,1,580,313,12874
2024,7,1,579,275,13149
2024,7,1,578,283,13432
2024,7,1,577,287,13719
2024,7,1,576,329,14048
2024,7,1,575,332,14380
2024,7,1,574,321,14701
2024,7,1,573,303,15004
2024,7,1,572,340,15344
2024,7,1,571,346,15690
2024,7,1,570,363,16053
2024,7,1,569,312,16365
2024,7,1,568,346,16711
2024,7,1,567,347,17058
2024,7,1,566,342,17400
2024,7,1,565,347,17747
2024,7,1,564,321,18068
2024,7,1,563,327,18395
2024,7,1,562,327,18722
2024,7,1,561,374,19096
2024,7,1,560,356,19452
2024,7,1,559,394,19846
2024,7,1,558,365,20211
2024,7,1,557,373,20584
2024,7,1,556,376,20960
2024,7,1,555,406,21366
2024,7,1,554,391,21757
2024,7,1,553,389,22146
2024,7,1,552,418,22564
2024,7,1,551,401,22965
2024,7,1,550,401,23366
2024,7,1,549,398,23764
2024,7,1,548,434,24198
2024,7,1,547,397,24595
2024,7,1,546,414,25009
2024,7,1,545,421,25430
2024,7,1,544,397,25827
2024,7,1,543,432,26259
2024,7,1,542,418,26677
2024,7,1,541,410,27087
2024,7,1,540,441,27528
2024,7,1,539,433,27961
2024,7,1,538,486,28447
2024,7,1,537,445,28892
2024,7,1,536,413,29305
2024,7,1,535,472,29777
2024,7,1,534,475,30252
2024,7,1,533,472,30724
2024,7,1,532,458,31182
2024,7,1,531,457,31639
2024,7,1,530,477,32116
2024,7,1,529,483,32599
2024,7,1,528,480,33079
2024,7,1,527,479,33558
2024,7,1,526,454,34012
2024,7,1,525,482,34494
2024,7,1,524,450,34944
2024,7,1,523,471,35415
2024,7,1,522,446,35861
2024,7,1,521,491,36352
2024,7,1,520,534,36886
2024,7,1,519,515,37401
2024,7,1,518,498,37899
2024,7,1,517,504,38403
2024,7,1,516,468,38871
2024,7,1,515,510,39381
2024,7,1,514,553,39934
2024,7,1,513,533,40467
2024,7,1,512,510,40977
2024,7,1,511,530,41507
2024,7,1,510,522,42029
2024,7,1,509,538,42567
2024,7,1,508,564,43131
2024,7,1,507,499,43630
2024,7,1,506,546,44176
2024,7,1,505,547,44723
2024,7,1,504,559,45282
2024,7,1,503,534,45816
2024,7,1,502,561,46377
2024,7,1,501,553,46930
2024,7,1,500,551,47481
2024,7,1,499,571,48052
2024,7,1,498,523,48575
2024,7,1,497,569,49144
2024,7,1,496,527,49671
2024,7,1,495,586,50257
2024,7,1,494,591,50848
2024,7,1,493,552,51400
2024,7,1,492,543,51943
2024,7,1,491,629,52572
2024,7,1,490,622,53194
2024,7,1,489,558,53752
2024,7,1,488,600,54352
2024,7,1,487,591,54943
2024,7,1,486,627,55570
2024,7,1,485,559,56129
2024,7,1,484,686,56815
2024,7,1,483,610,57425
2024,7,1,482,574,57999
2024,7,1,481,567,58566
2024,7,1,480,612,59178
2024,7,1,479,642,59820
2024,7,1,478,630,60450
2024,7,1,477,607,61057
2024,7,1,476,619,61676
2024,7,1,475,646,62322
2024,7,1,474,585,62907
2024,7,1,473,619,63526
2024,7,1,472,653,64179
2024,7,1,471,625,64804
2024,7,1,470,610,65414
2024,7,1,469,638,66052
2024,7,1,468,700,66752
2024,7,1,467,673,67425
2024,7,1,466,669,68094
2024,7,1,465,651,68745
2024,7,1,464,632,69377
2024,7,1,463,699,70076
2024,7,1,462,687,70763
2024,7,1,461,650,71413
2024,7,1,460,691,72104
2024,7,1,459,710,72814
2024,7,1,458,684,73498
2024,7,1,457,699,74197
2024,7,1,456,686,74883
2024,7,1,455,658,75541
2024,7,1,454,698,76239
2024,7,1,453,674,76913
2024,7,1,452,696,77609
2024,7,1,451,723,78332
2024,7,1,450,693,79025
2024,7,1,449,720,79745
2024,7,1,448,677,80422
2024,7,1,447,695,81117
2024,7,1,446,642,81759
2024,7,1,445,658,82417
2024,7,1,444,717,83134
2024,7,1,443,693,83827
2024,7,1,442,682,84509
2024,7,1,441,685,85194
2024,7,1,440,681,85875
2024,7,1,439,665,86540
2024,7,1,438,684,87224
2024,7,1,437,684,87908
2024,7,1,436,684,88592
2024,7,1,435,687,89279
2024,7,1,434,690,89969
2024,7,1,433,692,90661
2024,7,1,432,635,91296
2024,7,1,431,684,91980
2024,7,1,430,691,92671
2024,7,1,429,664,93335
2024,7,1,428,713,94048
2024,7,1,427,653,94701
2024,7,1,426,701,95402
2024,7,1,425,649,96051
2024,7,1,424,665,96716
2024,7,1,423,682,97398
2024,7,1,422,699,98097
2024,7,1,421,640,98737
2024,7,1,420,682,99419
2024,7,1,419,675,100094
2024,7,1,418,654,100748
2024,19,2,665,20,20
2024,19,2,664,3,23
2024,19,2,663,6,29
2024,19,2,662,6,35
2024,19,2,661,5,40
2024,19,2,660,6,46
2024,19,2,659,7,53
2024,19,2,658,3,56
2024,19,2,657,9,65
2024,19,2,656,11,76
2024,19,2,655,11,87
2024,19,2,654,14,101
2024,19,2,653,6,107
2024,19,2,652,11,118
2024,19,2,651,9,127
2024,19,2,650,13,140
2024,19,2,649,9,149
2024,19,2,648,13,162
2024,19,2,647,14,176
2024,19,2,646,10,186
2024,19,2,645,17,203
2024,19,2,644,20,223
2024,19,2,643,17,240
2024,19,2,642,4,244
2024,19,2,641,12,256
2024,19,2,640,24,280
2024,19,2,639,22,302
2024,19,2,638,29,331
2024,19,2,637,29,360
2024,19,2,636,25,385
2024,19,2,635,24,409
2024,19,2,634,33,442
2024,19,2,633,36,478
2024,19,2,632,29,507
2024,19,2,631,41,548
2024,19,2,630,45,593
2024,19,2,629,37,630
2024,19,2,628,49,679
2024,19,2,627,43,722
2024,19,2,626,54,776
2024,19,2,625,52,828
2024,19,2,624,52,880
2024,19,2,623,67,947
2024,19,2,622,73,1020
2024,19,2,621,45,1065
2024,19,2,620,87,1152
2024,19,2,619,45,1197
2024,19,2,618,77,1274
2024,19,2,617,80,1354
2024,19,2,616,60,1414
2024,19,2,615,80,1494
2024,19,2,614,72,1566
2024,19,2,613,91,1657
2024,19,2,612,83,1740
2024,19,2,611,80,1820
2024,19,2,610,101,1921
2024,19,2,609,84,2005
2024,19,2,608,92,2097
2024,19,2,607,122,2219
2024,19,2,606,140,2359
2024,19,2,605,107,2466
2024,19,2,604,116,2582
2024,19,2,603,113,2695
2024,19,2,602,122,2817
2024,19,2,601,128,2945
2024,19,2,600,101,3046
2024,19,2,599,135,3181
2024,19,2,598,120,3301
2024,19,2,597,122,3423
2024,19,2,596,121,3544
2024,19,2,595,165,3709
2024,19,2,594,163,3872
2024,19,2,593,152,4024
2024,19,2,592,165,4189
2024,19,2,591,166,4355
2024,19,2,590,168,4523
2024,19,2,589,151,4674
2024,19,2,588,164,4838
2024,19,2,587,177,5015
2024,19,2,586,183,5198
2024,19,2,585,200,5398
2024,19,2,584,196,5594
2024,19,2,583,207,5801
2024,19,2,582,187,5988
2024,19,2,581,210,6198
2024,19,2,580,194,6392
2024,19,2,579,204,6596
2024,19,2,578,236,6832
2024,19,2,577,214,7046
2024,19,2,576,242,7288
2024,19,2,575,240,7528
2024,19,2,574,230,7758
2024,19,2,573,231,7989
2024,19,2,572,237,8226
2024,19,2,571,249,8475
2024,19,2,570,279,8754
2024,19,2,569,246,9000
2024,19,2,568,245,9245
2024,19,2,567,245,9490
2024,19,2,566,225,9715
2024,19,2,565,271,9986
2024,19,2,564,297,10283
2024,19,2,563,288,10571
2024,19,2,562,313,10884
2024,19,2,561,250,11134
2024,19,2,560,320,11454
2024,19,2,559,319,11773
2024,19,2,558,313,12086
2024,19,2,557,315,12401
2024,19,2,556,340,12741
2024,19,2,555,312,13053
2024,19,2,554,335,13388
2024,19,2,553,308,13696
2024,19,2,552,346,14042
2024,19,2,551,350,14392
2024,19,2,550,386,14778
2024,19,2,549,325,15103
2024,19,2,548,373,15476
2024,19,2,547,391,15867
2024,19,2,546,426,16293
2024,19,2,545,354,16647
2024,19,2,544,419,17066
2024,19,2,543,374,17440
2024,19,2,542,367,17807
2024,19,2,541,418,18225
2024,19,2,540,389,18614
2024,19,2,539,426,19040
2024,19,2,538,394,19434
2024,19,2,537,456,19890
2024,19,2,536,422,20312
2024,19,2,535,408,20720
2024,19,2,534,404,21124
2024,19,2,533,449,21573
2024,19,2,532,420,21993
2024,19,2,531,455,22448
2024,19,2,530,456,22904
2024,19,2,529,502,23406
2024,19,2,528,434,23840
2024,19,2,527,463,24303
2024,19,2,526,493,24796
2024,19,2,525,510,25306
2024,19,2,524,486,25792
2024,19,2,523,505,26297
2024,19,2,522,470,26767
2024,19,2,521,501,27268
2024,19,2,520,473,27741
2024,19,2,519,506,28247
2024,19,2,518,527,28774
2024,19,2,517,540,29314
2024,19,2,516,583,29897
2024,19,2,515,527,30424
2024,19,2,514,557,30981
2024,19,2,513,515,31496
2024,19,2,512,567,32063
2024,19,2,511,570,32633
2024,19,2,510,530,33163
2024,19,2,509,615,33778
2024,19,2,508,546,34324
2024,19,2,507,604,34928
2024,19,2,506,602,35530
2024,19,2,505,589,36119
2024,19,2,504,639,36758
2024,19,2,503,629,37387
2024,19,2,502,655,38042
2024,19,2,501,616,38658
2024,19,2,500,624,39282
2024,19,2,499,641,39923
2024,19,2,498,616,40539
2024,19,2,497,646,41185
2024,19,2,496,656,41841
2024,19,2,495,629,42470
2024,19,2,494,650,43120
2024,19,2,493,648,43768
2024,19,2,492,669,44437
2024,19,2,491,674,45111
2024,19,2,490,722,45833
2024,19,2,489,721,46554
2024,19,2,488,682,47236
2024,19,2,487,688,47924
2024,19,2,486,718,48642
2024,19,2,485,658,49300
2024,19,2,484,729,50029
2024,19,2,483,749,50778
2024,19,2,482,692,51470
2024,19,2,481,703,52173
2024,19,2,480,750,52923
2024,19,2,479,807,53730
2024,19,2,478,735,54465
2024,19,2,477,739,55204
2024,19,2,476,730,55934
2024,19,2,475,767,56701
2024,19,2,474,746,57447
2024,19,2,473,722,58169
2024,19,2,472,696,58865
2024,19,2,471,759,59624
2024,19,2,470,752,60376
2024,19,2,469,762,61138
2024,19,2,468,757,61895
2024,19,2,467,761,62656
2024,19,2,466,809,63465
2024,19,2,465,739,64204
2024,19,2,464,828,65032
2024,19,2,463,795,65827
2024,19,2,462,809,66636
2024,19,2,461,723,67359
2024,19,2,460,897,68256
2024,19,2,459,830,69086
2024,19,2,458,838,69924
2024,19,2,457,805,70729
2024,19,2,456,858,71587
2024,19,2,455,790,72377
2024,19,2,454,815,73192
2024,19,2,453,863,74055
2024,19,2,452,809,74864
2024,19,2,451,894,75758
2024,19,2,450,837,76595
2024,19,2,449,855,77450
2024,19,2,448,853,78303
2024,19,2,447,769,79072
2024,19,2,446,855,79927
2024,19,2,445,899,80826
2024,19,2,444,857,81683
2024,19,2,443,908,82591
2024,19,2,442,860,83451
2024,19,2,441,905,84356
2024,19,2,440,833,85189
2024,19,2,439,921,86110
2024,19,2,438,938,87048
2024,19,2,437,886,87934
2024,19,2,436,902,88836
2024,19,2,435,916,89752
2024,19,2,434,882,90634
2024,19,2,433,923,91557
2024,19,2,432,998,92555
2024,19,2,431,947,93502
2024,19,2,430,888,94390
2024,19,2,429,952,95342
2024,19,2,428,924,96266
2024,19,2,427,953,97219
2024,19,2,426,973,98192
2024,19,2,425,861,99053
2024,19,2,424,938,99991
2024,19,2,423,968,100959
2024,19,2,422,960,101919
2024,19,2,421,1047,102966
2024,19,2,420,940,103906
2024,19,2,419,952,104858
2024,19,2,418,992,105850
2024,19,2,417,960,106810
2024,19,2,416,966,107776
2024,19,2,415,894,108670
2024,19,2,414,985,109655
2024,19,2,413,976,110631
2024,19,2,412,1018,111649
2024,19,2,411,944,112593
2024,19,2,410,951,113544
2024,19,2,409,1001,114545
2024,19,2,408,1000,115545
2024,19,2,407,1039,116584
2024,19,2,406,989,117573
2024,19,2,405,1032,118605
2024,19,2,404,972,119577
2024,19,2,403,1060,120637
2024,19,2,402,1006,121643
2024,19,2,401,1027,122670
2024,19,2,400,1041,123711
2024,19,2,399,1006,124717
2024,19,2,398,1011,125728
2024,19,2,397,1068,126796
2024,19,2,396,1033,127829
2024,19,2,395,1058,128887
2024,19,2,394,974,129861
2024,19,2,393,1039,130900
2024,19,2,392,1069,131969
2024,19,2,391,1007,132976
2024,19,2,390,1016,133992
2024,19,2,389,989,134981
2024,19,2,388,1070,136051
2024,19,2,387,1048,137099
2024,19,2,386,1061,138160
2024,19,2,385,1043,139203
2024,19,2,384,1083,140286
2024,19,2,383,1133,141419
2024,19,2,382,1087,142506
2024,19,2,381,1082,143588
2024,19,2,380,1059,144647
2024,19,2,379,1118,145765
2024,19,2,378,1030,146795
2024,19,2,377,1014,147809
2024,19,2,376,1008,148817
2024,19,2,375,1054,149871
2024,19,2,374,1072,150943
2024,19,2,373,1103,152046
2024,19,2,372,1042,153088
2024,19,2,371,1078,154166
2024,19,2,370,1062,155228
2024,19,2,369,1019,156247
2024,19,2,368,1032,157279
2024,19,2,367,1043,158322
2024,19,2,366,961,159283
2024,19,2,365,1046,160329
2024,19,2,364,1076,161405
2024,19,2,363,1120,162525
2024,19,2,362,1051,163576
2024,19,2,361,1049,164625
2024,19,2,360,1068,165693
2024,19,2,359,1066,166759
2024,19,2,358,1079,167838
2024,19,2,357,1118,168956
2024,19,2,356,1067,170023
2024,19,2,355,1035,171058
2024,19,2,354,1079,172137
2024,19,2,353,1062,173199
2024,19,2,352,1070,174269
2024,19,2,351,1060,175329
2024,19,2,350,1085,176414
2024,19,2,349,1063,177477
2024,19,2,348,1044,178521
2024,19,2,347,1053,179574
2024,19,2,346,1084,180658
2024,19,2,345,1089,181747
2024,19,2,344,1023,182770
2024,19,2,343,1025,183795
2024,19,2,342,1016,184811
2024,19,2,341,1067,185878
2024,19,2,340,1087,186965
2024,19,2,339,1016,187981
2024,19,2,338,983,188964
2024,19,2,337,988,189952
2024,19,2,336,1058,191010
2024,19,2,335,1034,192044
2024,19,2,334,1020,193064
2024,19,2,333,1005,194069
2024,19,2,332,959,195028
2024,19,2,331,1022,196050
2024,19,2,330,953,197003
2024,19,2,329,1000,198003
2024,19,2,328,975,198978
2024,19,2,327,986,199964
2024,19,2,326,949,200913
2024,19,2,325,997,201910
2024,19,2,324,981,202891
2024,19,2,323,905,203796
2024,19,2,322,940,204736
2024,19,2,321,980,205716
2024,19,2,320,980,206696
2024,19,2,319,919,207615
2024,19,2,318,925,208540
2024,19,2,317,906,209446
2024,19,2,316,943,210389
2024,19,2,315,954,211343
2024,19,2,314,911,212254
2024,19,2,313,924,213178
2024,19,2,312,913,214091
2024,19,2,311,926,215017
2024,19,2,310,886,215903
2024,19,2,309,885,216788
2024,19,2,308,887,217675
2024,19,2,307,852,218527
2024,19,2,306,891,219418
2024,19,2,305,892,220310
2024,19,2,304,853,221163
2024,19,2,303,823,221986
2024,19,2,302,837,222823
2024,19,2,301,796,223619
2024,19,2,300,794,224413
,,,,,
,,,,,
,,,,,
,,,,,
,,,,,
,,,,,
,,,,,
,,,,,
,,,,,
,,,,,
2024,19,1,695,31,31
2024,19,1,694,10,41
2024,19,1,693,6,47
2024,19,1,692,9,56
2024,19,1,691,6,62
2024,19,1,690,11,73
2024,19,1,689,12,85
2024,19,1,688,15,100
2024,19,1,687,14,114
2024,19,1,686,12,126
2024,19,1,685,12,138
2024,19,1,684,15,153
2024,19,1,683,15,168
2024,19,1,682,28,196
2024,19,1,681,14,210
2024,19,1,680,35,245
2024,19,1,679,27,272
2024,19,1,678,23,295
2024,19,1,677,44,339
2024,19,1,676,38,377
2024,19,1,675,51,428
2024,19,1,674,52,480
2024,19,1,673,51,531
2024,19,1,672,59,590
2024,19,1,671,44,634
2024,19,1,670,60,694
2024,19,1,669,65,759
2024,19,1,668,64,823
2024,19,1,667,78,901
2024,19,1,666,81,982
2024,19,1,665,74,1056
2024,19,1,664,85,1141
2024,19,1,663,87,1228
2024,19,1,662,96,1324
2024,19,1,661,105,1429
2024,19,1,660,116,1545
2024,19,1,659,112,1657
2024,19,1,658,99,1756
2024,19,1,657,118,1874
2024,19,1,656,125,1999
2024,19,1,655,138,2137
2024,19,1,654,131,2268
2024,19,1,653,142,2410
2024,19,1,652,145,2555
2024,19,1,651,146,2701
2024,19,1,650,151,2852
2024,19,1,649,162,3014
2024,19,1,648,162,3176
2024,19,1,647,193,3369
2024,19,1,646,205,3574
2024,19,1,645,203,3777
2024,19,1,644,205,3982
2024,19,1,643,211,4193
2024,19,1,642,233,4426
2024,19,1,641,251,4677
2024,19,1,640,271,4948
2024,19,1,639,249,5197
2024,19,1,638,257,5454
2024,19,1,637,262,5716
2024,19,1,636,244,5960
2024,19,1,635,257,6217
2024,19,1,634,265,6482
2024,19,1,633,275,6757
2024,19,1,632,305,7062
2024,19,1,631,293,7355
2024,19,1,630,313,7668
2024,19,1,629,320,7988
2024,19,1,628,325,8313
2024,19,1,627,362,8675
2024,19,1,626,379,9054
2024,19,1,625,352,9406
2024,19,1,624,357,9763
2024,19,1,623,380,10143
2024,19,1,622,388,10531
2024,19,1,621,408,10939
2024,19,1,620,412,11351
2024,19,1,619,456,11807
2024,19,1,618,424,12231
2024,19,1,617,450,12681
2024,19,1,616,475,13156
2024,19,1,615,508,13664
2024,19,1,614,497,14161
2024,19,1,613,524,14685
2024,19,1,612,529,15214
2024,19,1,611,509,15723
2024,19,1,610,539,16262
2024,19,1,609,558,16820
2024,19,1,608,532,17352
2024,19,1,607,557,17909
2024,19,1,606,543,18452
2024,19,1,605,604,19056
2024,19,1,604,607,19663
2024,19,1,603,613,20276
2024,19,1,602,641,20917
2024,19,1,601,597,21514
2024,19,1,600,702,22216
2024,19,1,599,639,22855
2024,19,1,598,667,23522
2024,19,1,597,648,24170
2024,19,1,596,716,24886
2024,19,1,595,714,25600
2024,19,1,594,729,26329
2024,19,1,593,756,27085
2024,19,1,592,776,27861
2024,19,1,591,782,28643
2024,19,1,590,749,29392
2024,19,1,589,773,30165
2024,19,1,588,829,30994
2024,19,1,587,820,31814
2024,19,1,586,854,32668
2024,19,1,585,819,33487
2024,19,1,584,818,34305
2024,19,1,583,871,35176
2024,19,1,582,919,36095
2024,19,1,581,888,36983
2024,19,1,580,906,37889
2024,19,1,579,947,38836
2024,19,1,578,909,39745
2024,19,1,577,945,40690
2024,19,1,576,1030,41720
2024,19,1,575,1006,42726
2024,19,1,574,988,43714
2024,19,1,573,1007,44721
2024,19,1,572,1006,45727
2024,19,1,571,971,46698
2024,19,1,570,1038,47736
2024,19,1,569,1015,48751
2024,19,1,568,1034,49785
2024,19,1,567,1044,50829
2024,19,1,566,1094,51923
2024,19,1,565,1104,53027
2024,19,1,564,1107,54134
2024,19,1,563,1161,55295
2024,19,1,562,1126,56421
2024,19,1,561,1122,57543
2024,19,1,560,1212,58755
2024,19,1,559,1209,59964
2024,19,1,558,1205,61169
2024,19,1,557,1201,62370
2024,19,1,556,1184,63554
2024,19,1,555,1228,64782
2024,19,1,554,1242,66024
2024,19,1,553,1277,67301
2024,19,1,552,1266,68567
2024,19,1,551,1325,69892
2024,19,1,550,1293,71185
2024,19,1,549,1261,72446
2024,19,1,548,1279,73725
2024,19,1,547,1281,75006
2024,19,1,546,1339,76345
2024,19,1,545,1353,77698
2024,19,1,544,1331,79029
2024,19,1,543,1347,80376
2024,19,1,542,1383,81759
2024,19,1,541,1369,83128
2024,19,1,540,1371,84499
2024,19,1,539,1392,85891
2024,19,1,538,1452,87343
2024,19,1,537,1482,88825
2024,19,1,536,1523,90348
2024,19,1,535,1489,91837
2024,19,1,534,1529,93366
2024,19,1,533,1570,94936
2024,19,1,532,1502,96438
2024,19,1,531,1512,97950
2024,19,1,530,1530,99480
2024,19,1,529,1596,101076
2024,19,1,528,1529,102605
2024,19,1,527,1559,104164
2024,19,1,526,1526,105690
2024,19,1,525,1500,107190
2024,19,1,524,1535,108725
2024,19,1,523,1572,110297
2024,19,1,522,1615,111912
2024,19,1,521,1519,113431
2024,19,1,520,1635,115066
2024,19,1,519,1620,116686
2024,19,1,518,1594,118280
2024,19,1,517,1587,119867
2024,19,1,516,1623,121490
2024,19,1,515,1572,123062
2024,19,1,514,1642,124704
2024,19,1,513,1626,126330
2024,19,1,512,1658,127988
2024,19,1,511,1647,129635
2024,19,1,510,1694,131329
2024,19,1,509,1683,133012
2024,19,1,508,1697,134709
2024,19,1,507,1769,136478
2024,19,1,506,1713,138191
2024,19,1,505,1783,139974
2024,19,1,504,1765,141739
2024,19,1,503,1660,143399
2024,19,1,502,1707,145106
2024,19,1,501,1758,146864
2024,19,1,500,1797,148661
2024,19,1,499,1818,150479
2024,19,1,498,1775,152254
2024,19,1,497,1741,153995
2024,19,1,496,1780,155775
2024,19,1,495,1722,157497
2024,19,1,494,1726,159223
2024,19,1,493,1841,161064
2024,19,1,492,1722,162786
2024,19,1,491,1803,164589
2024,19,1,490,1823,166412
2024,19,1,489,1726,168138
2024,19,1,488,1844,169982
2024,19,1,487,1868,171850
2024,19,1,486,1781,173631
2024,19,1,485,1851,175482
2024,19,1,484,1907,177389
2024,19,1,483,1862,179251
2024,19,1,482,1765,181016
2024,19,1,481,1775,182791
2024,19,1,480,1794,184585
2024,19,1,479,1897,186482
2024,19,1,478,1785,188267
2024,19,1,477,1901,190168
2024,19,1,476,1840,192008
2024,19,1,475,1858,193866
2024,19,1,474,1828,195694
2024,19,1,473,1864,197558
2024,19,1,472,1851,199409
2024,19,1,471,1836,201245
2024,19,1,470,1749,202994
2024,19,1,469,1838,204832
2024,19,1,468,1869,206701
2024,19,1,467,1815,208516
2024,19,1,466,1982,210498
2024,19,1,465,1834,212332
2024,19,1,464,1794,214126
2024,19,1,463,1817,215943
2024,19,1,462,1840,217783
2024,19,1,461,1889,219672
2024,19,1,460,1790,221462
2024,19,1,459,1843,223305
2024,19,1,458,1809,225114
2024,19,1,457,1864,226978
2024,19,1,456,1782,228760
2024,19,1,455,1875,230635
2024,19,1,454,1765,232400
2024,19,1,453,1740,234140
2024,19,1,452,1824,235964
2024,19,1,451,1772,237736
2024,19,1,450,1800,239536
2024,19,1,449,1795,241331
2024,19,1,448,1860,243191
2024,19,1,447,1806,244997
2024,19,1,446,1805,246802
2024,19,1,445,1822,248624
2024,19,1,444,1754,250378
2024,19,1,443,1735,252113
2024,19,1,442,1682,253795
2024,19,1,441,1768,255563
2024,19,1,440,1787,257350
2024,19,1,439,1728,259078
2024,19,1,438,1703,260781
2024,19,1,437,1704,262485
2024,19,1,436,1735,264220
2024,19,1,435,1726,265946
2024,19,1,434,1677,267623
2024,19,1,433,1641,269264
2024,19,1,432,1680,270944
2024,19,1,431,1639,272583
2024,19,1,430,1611,274194
2024,19,1,429,1639,275833
2024,19,1,428,1633,277466
2024,19,1,427,1544,279010
2024,19,1,426,1622,280632
2024,19,1,425,1612,282244
2024,19,1,424,1570,283814
2024,19,1,423,1637,285451
2024,19,1,422,1646,287097
2024,19,1,421,1635,288732
2024,19,1,420,1560,290292
2024,19,1,419,1556,291848
2024,19,1,418,1583,293431
2024,19,1,417,1559,294990
2024,19,1,416,1507,296497
2024,19,1,415,1520,298017
2024,19,1,414,1471,299488
2024,19,1,413,1503,300991
2024,19,1,412,1479,302470
2024,19,1,411,1467,303937
2024,19,1,410,1438,305375
2024,19,1,409,1506,306881
2024,19,1,408,1500,308381
2024,19,1,407,1361,309742
2024,19,1,406,1403,311145
2024,19,1,405,1416,312561
2024,19,1,404,1427,313988
2024,19,1,403,1399,315387
2024,19,1,402,1427,316814
2024,19,1,401,1396,318210
2024,19,1,400,1412,319622
2024,19,1,399,1466,321088
2024,19,1,398,1348,322436
2024,19,1,397,1369,323805
2024,19,1,396,1355,325160
2024,19,1,395,1322,326482
2024,19,1,394,1289,327771
2024,19,1,393,1269,329040
2024,19,1,392,1264,330304
2024,19,1,391,1203,331507
2024,19,1,390,1255,332762
2024,19,1,389,1206,333968
2024,19,1,388,1262,335230
2024,19,1,387,1286,336516
2024,19,1,386,1296,337812
2024,19,1,385,1187,338999
2024,19,1,384,1214,340213
2024,19,1,383,1209,341422
2024,19,1,382,1168,342590
2024,19,1,381,1200,343790
2024,19,1,380,1142,344932
2024,19,1,379,1092,346024
2024,19,1,378,1135,347159
2024,19,1,377,1142,348301
2024,19,1,376,1093,349394
2024,19,1,375,1121,350515
2024,19,1,374,1113,351628
2024,19,1,373,1092,352720
2024,19,1,372,1077,353797
2024,19,1,371,1082,354879
2024,19,1,370,1095,355974
2024,19,1,369,1117,357091
2024,19,1,368,1050,358141
2024,19,1,367,1072,359213
2024,19,1,366,1015,360228
2024,19,1,365,1029,361257
2024,19,1,364,1033,362290
2024,19,1,363,1034,363324
2024,19,1,362,975,364299
2024,19,1,361,1092,365391
2024,19,1,360,940,366331
2024,19,1,359,994,367325
2024,19,1,358,1013,368338
2024,19,1,357,983,369321
2024,19,1,356,974,370295
2024,19,1,355,929,371224
2024,19,1,354,975,372199
2024,19,1,353,974,373173
2024,19,1,352,943,374116
2024,19,1,351,955,375071
2024,19,1,350,886,375957
2024,19,1,349,986,376943
2024,19,1,348,895,377838
2024,19,1,347,922,378760
2024,19,1,346,865,379625
2024,19,1,345,902,380527
2024,19,1,344,874,381401
2024,19,1,343,854,382255
2024,19,1,342,830,383085
2024,19,1,341,876,383961
2024,19,1,340,839,384800
2024,19,1,339,805,385605
2024,19,1,338,866,386471
2024,19,1,337,850,387321
2024,19,1,336,882,388203
2024,19,1,335,817,389020
2024,19,1,334,865,389885
2024,19,1,333,773,390658
2024,19,1,332,793,391451
2024,19,1,331,812,392263
2024,19,1,330,815,393078
2024,19,1,329,821,393899
2024,19,1,328,781,394680
2024,19,1,327,764,395444
2024,19,1,326,790,396234
2024,19,1,325,814,397048
2024,19,1,324,754,397802
2024,19,1,323,723,398525
2024,19,1,322,769,399294
2024,19,1,321,770,400064
2024,19,1,320,760,400824
2024,19,1,319,717,401541
2024,19,1,318,717,402258
2024,19,1,317,718,402976
2024,19,1,316,733,403709
2024,19,1,315,691,404400
2024,19,1,314,668,405068
2024,19,1,313,677,405745
2024,19,1,312,664,406409
2024,19,1,311,706,407115
2024,19,1,310,656,407771
2024,19,1,309,662,408433
2024,19,1,308,683,409116
2024,19,1,307,691,409807
2024,19,1,306,643,410450
2024,19,1,305,644,411094
2024,19,1,304,640,411734
2024,19,1,303,673,412407
2024,19,1,302,660,413067
2024,19,1,301,594,413661
2024,19,1,300,607,414268
2024,24,2,670,21,21
2024,24,2,668,2,23
2024,24,2,667,3,26
2024,24,2,666,4,30
2024,24,2,665,6,36
2024,24,2,663,5,41
2024,24,2,662,2,43
2024,24,2,661,2,45
2024,24,2,660,2,47
2024,24,2,659,1,48
2024,24,2,658,9,57
2024,24,2,657,5,62
2024,24,2,656,2,64
2024,24,2,655,7,71
2024,24,2,654,7,78
2024,24,2,653,6,84
2024,24,2,652,3,87
2024,24,2,651,7,94
2024,24,2,650,3,97
2024,24,2,649,5,102
2024,24,2,648,10,112
2024,24,2,647,5,117
2024,24,2,646,7,124
2024,24,2,645,5,129
2024,24,2,644,9,138
2024,24,2,643,14,152
2024,24,2,642,14,166
2024,24,2,641,13,179
2024,24,2,640,14,193
2024,24,2,639,7,200
2024,24,2,638,13,213
2024,24,2,637,12,225
2024,24,2,636,15,240
2024,24,2,635,17,257
2024,24,2,634,9,266
2024,24,2,633,13,279
2024,24,2,632,20,299
2024,24,2,631,22,321
2024,24,2,630,20,341
2024,24,2,629,17,358
2024,24,2,628,23,381
2024,24,2,627,19,400
2024,24,2,626,21,421
2024,24,2,625,17,438
2024,24,2,624,27,465
2024,24,2,623,27,492
2024,24,2,622,28,520
2024,24,2,621,31,551
2024,24,2,620,31,582
2024,24,2,619,31,613
2024,24,2,618,28,641
2024,24,2,617,36,677
2024,24,2,616,30,707
2024,24,2,615,32,739
2024,24,2,614,24,763
2024,24,2,613,43,806
2024,24,2,612,39,845
2024,24,2,611,35,880
2024,24,2,610,49,929
2024,24,2,609,52,981
2024,24,2,608,52,1033
2024,24,2,607,45,1078
2024,24,2,606,52,1130
2024,24,2,605,34,1164
2024,24,2,604,51,1215
2024,24,2,603,36,1251
2024,24,2,602,54,1305
2024,24,2,601,46,1351
2024,24,2,600,53,1404
2024,24,2,599,51,1455
2024,24,2,598,51,1506
2024,24,2,597,40,1546
2024,24,2,596,61,1607
2024,24,2,595,66,1673
2024,24,2,594,54,1727
2024,24,2,593,66,1793
2024,24,2,592,74,1867
2024,24,2,591,74,1941
2024,24,2,590,70,2011
2024,24,2,589,59,2070
2024,24,2,588,68,2138
2024,24,2,587,73,2211
2024,24,2,586,87,2298
2024,24,2,585,90,2388
2024,24,2,584,76,2464
2024,24,2,583,91,2555
2024,24,2,582,96,2651
2024,24,2,581,77,2728
2024,24,2,580,76,2804
2024,24,2,579,97,2901
2024,24,2,578,95,2996
2024,24,2,577,85,3081
2024,24,2,576,94,3175
2024,24,2,575,101,3276
2024,24,2,574,89,3365
2024,24,2,573,93,3458
2024,24,2,572,125,3583
2024,24,2,571,95,3678
2024,24,2,570,109,3787
2024,24,2,569,96,3883
2024,24,2,568,122,4005
2024,24,2,567,113,4118
2024,24,2,566,118,4236
2024,24,2,565,100,4336
2024,24,2,564,125,4461
2024,24,2,563,130,4591
2024,24,2,562,138,4729
2024,24,2,561,130,4859
2024,24,2,560,139,4998
2024,24,2,559,122,5120
2024,24,2,558,133,5253
2024,24,2,557,155,5408
2024,24,2,556,135,5543
2024,24,2,555,141,5684
2024,24,2,554,150,5834
2024,24,2,553,111,5945
2024,24,2,552,161,6106
2024,24,2,551,151,6257
2024,24,2,550,163,6420
2024,24,2,549,145,6565
2024,24,2,548,151,6716
2024,24,2,547,165,6881
2024,24,2,546,142,7023
2024,24,2,545,164,7187
2024,24,2,544,180,7367
2024,24,2,543,147,7514
2024,24,2,542,152,7666
2024,24,2,541,191,7857
2024,24,2,540,180,8037
2024,24,2,539,162,8199
2024,24,2,538,161,8360
2024,24,2,537,176,8536
2024,24,2,536,163,8699
2024,24,2,535,191,8890
2024,24,2,534,180,9070
2024,24,2,533,213,9283
2024,24,2,532,192,9475
2024,24,2,531,211,9686
2024,24,2,530,196,9882
2024,24,2,529,203,10085
2024,24,2,528,197,10282
2024,24,2,527,204,10486
2024,24,2,526,176,10662
2024,24,2,525,168,10830
2024,24,2,524,185,11015
2024,24,2,523,194,11209
2024,24,2,522,202,11411
2024,24,2,521,203,11614
2024,24,2,520,228,11842
2024,24,2,519,208,12050
2024,24,2,518,194,12244
2024,24,2,517,204,12448
2024,24,2,516,199,12647
2024,24,2,515,212,12859
2024,24,2,514,214,13073
2024,24,2,513,235,13308
2024,24,2,512,210,13518
2024,24,2,511,233,13751
2024,24,2,510,242,13993
2024,24,2,509,232,14225
2024,24,2,508,206,14431
2024,24,2,507,237,14668
2024,24,2,506,225,14893
2024,24,2,505,224,15117
2024,24,2,504,236,15353
2024,24,2,503,273,15626
2024,24,2,502,236,15862
2024,24,2,501,254,16116
2024,24,2,500,242,16358
2024,24,2,499,260,16618
2024,24,2,498,263,16881
2024,24,2,497,214,17095
2024,24,2,496,240,17335
2024,24,2,495,252,17587
2024,24,2,494,266,17853
2024,24,2,493,297,18150
2024,24,2,492,245,18395
2024,24,2,491,267,18662
2024,24,2,490,287,18949
2024,24,2,489,268,19217
2024,24,2,488,274,19491
2024,24,2,487,264,19755
2024,24,2,486,271,20026
2024,24,2,485,264,20290
2024,24,2,484,279,20569
2024,24,2,483,266,20835
2024,24,2,482,273,21108
2024,24,2,481,289,21397
2024,24,2,480,311,21708
2024,24,2,479,285,21993
2024,24,2,478,304,22297
2024,24,2,477,281,22578
2024,24,2,476,287,22865
2024,24,2,475,287,23152
2024,24,2,474,295,23447
2024,24,2,473,315,23762
2024,24,2,472,315,24077
2024,24,2,471,306,24383
2024,24,2,470,329,24712
2024,24,2,469,316,25028
2024,24,2,468,340,25368
2024,24,2,467,321,25689
2024,24,2,466,306,25995
2024,24,2,465,295,26290
2024,24,2,464,321,26611
2024,24,2,463,309,26920
2024,24,2,462,311,27231
2024,24,2,461,343,27574
2024,24,2,460,356,27930
2024,24,2,459,367,28297
2024,24,2,458,342,28639
2024,24,2,457,358,28997
2024,24,2,456,345,29342
2024,24,2,455,333,29675
2024,24,2,454,367,30042
2024,24,2,453,373,30415
2024,24,2,452,326,30741
2024,24,2,451,368,31109
2024,24,2,450,348,31457
2024,24,2,449,348,31805
2024,24,2,448,374,32179
2024,24,2,447,380,32559
2024,24,2,446,369,32928
2024,24,2,445,360,33288
2024,24,2,444,417,33705
2024,24,2,443,401,34106
2024,24,2,442,366,34472
2024,24,2,441,348,34820
2024,24,2,440,358,35178
2024,24,2,439,345,35523
2024,24,2,438,403,35926
2024,24,2,437,415,36341
2024,24,2,436,367,36708
2024,24,2,435,390,37098
2024,24,2,434,413,37511
2024,24,2,433,415,37926
2024,24,2,432,392,38318
2024,24,2,431,371,38689
2024,24,2,430,404,39093
2024,24,2,429,426,39519
2024,24,2,428,372,39891
2024,24,2,427,398,40289
2024,24,2,426,433,40722
2024,24,2,425,432,41154
2024,24,2,424,422,41576
2024,24,2,423,420,41996
2024,24,2,422,464,42460
2024,24,2,421,475,42935
2024,24,2,420,420,43355
2024,24,2,419,439,43794
2024,24,2,418,455,44249
2024,24,2,417,490,44739
2024,24,2,416,460,45199
2024,24,2,415,449,45648
2024,24,2,414,421,46069
2024,24,2,413,451,46520
2024,24,2,412,463,46983
2024,24,2,411,466,47449
2024,24,2,410,471,47920
2024,24,2,409,459,48379
2024,24,2,408,459,48838
2024,24,2,407,503,49341
2024,24,2,406,464,49805
2024,24,2,405,465,50270
2024,24,2,404,498,50768
2024,24,2,403,504,51272
2024,24,2,402,475,51747
2024,24,2,401,458,52205
2024,24,2,400,501,52706
2024,24,2,399,512,53218
2024,24,2,398,525,53743
2024,24,2,397,528,54271
2024,24,2,396,501,54772
2024,24,2,395,499,55271
2024,24,2,394,509,55780
2024,24,2,393,528,56308
2024,24,2,392,498,56806
2024,24,2,391,536,57342
2024,24,2,390,523,57865
2024,24,2,389,548,58413
2024,24,2,388,518,58931
2024,24,2,387,501,59432
2024,24,2,386,536,59968
2024,24,2,385,517,60485
2024,24,2,384,546,61031
2024,24,2,383,523,61554
2024,24,2,382,531,62085
2024,24,2,381,560,62645
2024,24,2,380,557,63202
2024,24,2,379,496,63698
2024,24,2,378,565,64263
2024,24,2,377,536,64799
2024,24,2,376,582,65381
2024,24,2,375,552,65933
2024,24,2,374,583,66516
2024,24,2,373,585,67101
2024,24,2,372,558,67659
2024,24,2,371,537,68196
2024,24,2,370,546,68742
2024,24,2,369,553,69295
2024,24,2,368,552,69847
2024,24,2,367,572,70419
2024,24,2,366,561,70980
2024,24,2,365,606,71586
2024,24,2,364,576,72162
2024,24,2,363,563,72725
2024,24,2,362,578,73303
2024,24,2,361,602,73905
2024,24,2,360,554,74459
2024,24,2,359,573,75032
2024,24,2,358,568,75600
2024,24,2,357,572,76172
2024,24,2,356,547,76719
2024,24,2,355,579,77298
2024,24,2,354,556,77854
2024,24,2,353,591,78445
2024,24,2,352,632,79077
2024,24,2,351,614,79691
2024,24,2,350,580,80271
2024,24,2,349,561,80832
2024,24,2,348,621,81453
2024,24,2,347,575,82028
2024,24,2,346,563,82591
2024,24,2,345,608,83199
2024,24,2,344,545,83744
2024,24,2,343,585,84329
2024,24,2,342,592,84921
2024,24,2,341,531,85452
2024,24,2,340,552,86004
2024,24,2,339,579,86583
2024,24,2,338,560,87143
2024,24,2,337,548,87691
2024,24,2,336,568,88259
2024,24,2,335,542,88801
2024,24,2,334,523,89324
2024,24,2,333,534,89858
2024,24,2,332,531,90389
2024,24,2,331,560,90949
2024,24,2,330,503,91452
2024,24,2,329,554,92006
2024,24,2,328,542,92548
2024,24,2,327,567,93115
2024,24,2,326,559,93674
2024,24,2,325,503,94177
2024,24,2,324,554,94731
2024,24,2,323,512,95243
2024,24,2,322,512,95755
2024,24,2,321,525,96280
2024,24,2,320,533,96813
2024,24,2,319,523,97336
2024,24,2,318,475,97811
2024,24,2,317,529,98340
2024,24,2,316,458,98798
2024,24,2,315,513,99311
2024,24,2,314,452,99763
2024,24,2,313,487,100250
2024,24,2,312,455,100705
2024,24,2,311,432,101137
2024,24,2,310,491,101628
2024,24,2,309,433,102061
2024,24,2,308,473,102534
2024,24,2,307,474,103008
2024,24,2,306,440,103448
2024,24,2,305,451,103899
2024,24,2,304,453,104352
2024,24,2,303,429,104781
2024,24,2,302,424,105205
2024,24,2,301,406,105611
2024,24,2,300,477,106088
2024,23,1,686,26,26
2024,23,1,685,3,29
2024,23,1,684,5,34
2024,23,1,683,7,41
2024,23,1,682,10,51
2024,23,1,681,6,57
2024,23,1,680,7,64
2024,23,1,679,9,73
2024,23,1,678,11,84
2024,23,1,677,11,95
2024,23,1,676,9,104
2024,23,1,675,12,116
2024,23,1,674,15,131
2024,23,1,673,9,140
2024,23,1,672,22,162
2024,23,1,671,16,178
2024,23,1,670,20,198
2024,23,1,669,16,214
2024,23,1,668,20,234
2024,23,1,667,13,247
2024,23,1,666,22,269
2024,23,1,665,21,290
2024,23,1,664,23,313
2024,23,1,663,32,345
2024,23,1,662,21,366
2024,23,1,661,31,397
2024,23,1,660,38,435
2024,23,1,659,38,473
2024,23,1,658,34,507
2024,23,1,657,28,535
2024,23,1,656,33,568
2024,23,1,655,41,609
2024,23,1,654,50,659
2024,23,1,653,52,711
2024,23,1,652,48,759
2024,23,1,651,42,801
2024,23,1,650,62,863
2024,23,1,649,44,907
2024,23,1,648,49,956
2024,23,1,647,56,1012
2024,23,1,646,56,1068
2024,23,1,645,79,1147
2024,23,1,644,50,1197
2024,23,1,643,60,1257
2024,23,1,642,67,1324
2024,23,1,641,69,1393
2024,23,1,640,62,1455
2024,23,1,639,68,1523
2024,23,1,638,83,1606
2024,23,1,637,88,1694
2024,23,1,636,99,1793
2024,23,1,635,107,1900
2024,23,1,634,83,1983
2024,23,1,633,99,2082
2024,23,1,632,110,2192
2024,23,1,631,99,2291
2024,23,1,630,101,2392
2024,23,1,629,113,2505
2024,23,1,628,118,2623
2024,23,1,627,121,2744
2024,23,1,626,117,2861
2024,23,1,625,119,2980
2024,23,1,624,116,3096
2024,23,1,623,138,3234
2024,23,1,622,146,3380
2024,23,1,621,146,3526
2024,23,1,620,152,3678
2024,23,1,619,151,3829
2024,23,1,618,142,3971
2024,23,1,617,159,4130
2024,23,1,616,159,4289
2024,23,1,615,159,4448
2024,23,1,614,171,4619
2024,23,1,613,202,4821
2024,23,1,612,160,4981
2024,23,1,611,185,5166
2024,23,1,610,191,5357
2024,23,1,609,203,5560
2024,23,1,608,211,5771
2024,23,1,607,190,5961
2024,23,1,606,224,6185
2024,23,1,605,218,6403
2024,23,1,604,202,6605
2024,23,1,603,228,6833
2024,23,1,602,245,7078
2024,23,1,601,238,7316
2024,23,1,600,238,7554
2024,23,1,599,228,7782
2024,23,1,598,239,8021
2024,23,1,597,247,8268
2024,23,1,596,242,8510
2024,23,1,595,273,8783
2024,23,1,594,260,9043
2024,23,1,593,263,9306
2024,23,1,592,263,9569
2024,23,1,591,295,9864
2024,23,1,590,286,10150
2024,23,1,589,278,10428
2024,23,1,588,300,10728
2024,23,1,587,305,11033
2024,23,1,586,317,11350
2024,23,1,585,347,11697
2024,23,1,584,306,12003
2024,23,1,583,306,12309
2024,23,1,582,326,12635
2024,23,1,581,334,12969
2024,23,1,580,325,13294
2024,23,1,579,385,13679
2024,23,1,578,368,14047
2024,23,1,577,347,14394
2024,23,1,576,354,14748
2024,23,1,575,379,15127
2024,23,1,574,396,15523
2024,23,1,573,348,15871
2024,23,1,572,365,16236
2024,23,1,571,378,16614
2024,23,1,570,422,17036
2024,23,1,569,407,17443
2024,23,1,568,394,17837
2024,23,1,567,406,18243
2024,23,1,566,427,18670
2024,23,1,565,461,19131
2024,23,1,564,401,19532
2024,23,1,563,435,19967
2024,23,1,562,425,20392
2024,23,1,561,465,20857
2024,23,1,560,452,21309
2024,23,1,559,427,21736
2024,23,1,558,426,22162
2024,23,1,557,451,22613
2024,23,1,556,482,23095
2024,23,1,555,501,23596
2024,23,1,554,456,24052
2024,23,1,553,488,24540
2024,23,1,552,490,25030
2024,23,1,551,482,25512
2024,23,1,550,490,26002
2024,23,1,549,494,26496
2024,23,1,548,497,26993
2024,23,1,547,531,27524
2024,23,1,546,540,28064
2024,23,1,545,528,28592
2024,23,1,544,506,29098
2024,23,1,543,526,29624
2024,23,1,542,537,30161
2024,23,1,541,564,30725
2024,23,1,540,538,31263
2024,23,1,539,620,31883
2024,23,1,538,579,32462
2024,23,1,537,569,33031
2024,23,1,536,537,33568
2024,23,1,535,540,34108
2024,23,1,534,525,34633
2024,23,1,533,546,35179
2024,23,1,532,626,35805
2024,23,1,531,596,36401
2024,23,1,530,578,36979
2024,23,1,529,617,37596
2024,23,1,528,585,38181
2024,23,1,527,600,38781
2024,23,1,526,600,39381
2024,23,1,525,559,39940
2024,23,1,524,641,40581
2024,23,1,523,604,41185
2024,23,1,522,601,41786
2024,23,1,521,600,42386
2024,23,1,520,653,43039
2024,23,1,519,623,43662
2024,23,1,518,603,44265
2024,23,1,517,628,44893
2024,23,1,516,655,45548
2024,23,1,515,688,46236
2024,23,1,514,663,46899
2024,23,1,513,639,47538
2024,23,1,512,656,48194
2024,23,1,511,651,48845
2024,23,1,510,690,49535
2024,23,1,509,670,50205
2024,23,1,508,693,50898
2024,23,1,507,680,51578
2024,23,1,506,724,52302
2024,23,1,505,645,52947
2024,23,1,504,659,53606
2024,23,1,503,653,54259
2024,23,1,502,700,54959
2024,23,1,501,662,55621
2024,23,1,500,653,56274
2024,23,1,499,595,56869
2024,23,1,498,665,57534
2024,23,1,497,697,58231
2024,23,1,496,680,58911
2024,23,1,495,622,59533
2024,23,1,494,709,60242
2024,23,1,493,660,60902
2024,23,1,492,723,61625
2024,23,1,491,706,62331
2024,23,1,490,721,63052
2024,23,1,489,714,63766
2024,23,1,488,730,64496
2024,23,1,487,702,65198
2024,23,1,486,712,65910
2024,23,1,485,748,66658
2024,23,1,484,640,67298
2024,23,1,483,739,68037
2024,23,1,482,733,68770
2024,23,1,481,719,69489
2024,23,1,480,722,70211
2024,23,1,479,705,70916
2024,23,1,478,698,71614
2024,23,1,477,722,72336
2024,23,1,476,769,73105
2024,23,1,475,743,73848
2024,23,1,474,696,74544
2024,23,1,473,772,75316
2024,23,1,472,793,76109
2024,23,1,471,776,76885
2024,23,1,470,748,77633
2024,23,1,469,742,78375
2024,23,1,468,783,79158
2024,23,1,467,736,79894
2024,23,1,466,788,80682
2024,23,1,465,790,81472
2024,23,1,464,755,82227
2024,23,1,463,766,82993
2024,23,1,462,828,83821
2024,23,1,461,791,84612
2024,23,1,460,765,85377
2024,23,1,459,768,86145
2024,23,1,458,784,86929
2024,23,1,457,776,87705
2024,23,1,456,782,88487
2024,23,1,455,815,89302
2024,23,1,454,800,90102
2024,23,1,453,726,90828
2024,23,1,452,759,91587
2024,23,1,451,828,92415
2024,23,1,450,772,93187
2024,23,1,449,798,93985
2024,23,1,448,827,94812
2024,23,1,447,799,95611
2024,23,1,446,811,96422
2024,23,1,445,844,97266
2024,23,1,444,768,98034
2024,23,1,443,835,98869
2024,23,1,442,809,99678
2024,23,1,441,833,100511
2024,23,1,440,822,101333
2024,23,1,439,853,102186
2024,23,1,438,824,103010
2024,23,1,437,775,103785
2024,23,1,436,800,104585
2024,23,1,435,868,105453
2024,23,1,434,861,106314
2024,23,1,433,853,107167
2024,23,1,432,872,108039
2024,23,1,431,903,108942
2024,23,1,430,885,109827
2024,23,1,429,884,110711
2024,23,1,428,837,111548
2024,23,1,427,866,112414
2024,23,1,426,915,113329
2024,23,1,425,837,114166
2024,23,1,424,854,115020
2024,23,1,423,830,115850
2024,23,1,422,886,116736
2024,23,1,421,904,117640
2024,23,1,420,840,118480
2024,23,1,419,895,119375
2024,23,1,418,897,120272
2024,23,1,417,836,121108
2024,23,1,416,870,121978
2024,23,1,415,901,122879
2024,23,1,414,885,123764
2024,23,1,413,919,124683
2024,23,1,412,878,125561
2024,23,1,411,904,126465
2024,23,1,410,869,127334
2024,23,1,409,912,128246
2024,23,1,408,888,129134
2024,23,1,407,874,130008
2024,23,1,406,963,130971
2024,23,1,405,844,131815
2024,23,1,404,861,132676
2024,23,1,403,907,133583
2024,23,1,402,840,134423
2024,23,1,401,874,135297
2024,23,1,400,879,136176
2024,23,1,399,890,137066
2024,23,1,398,888,137954
2024,23,1,397,851,138805
2024,23,1,396,850,139655
2024,23,1,395,894,140549
2024,23,1,394,952,141501
2024,23,1,393,906,142407
2024,23,1,392,914,143321
2024,23,1,391,897,144218
2024,23,1,390,894,145112
2024,23,1,389,883,145995
2024,23,1,388,873,146868
2024,23,1,387,867,147735
2024,23,1,386,857,148592
2024,23,1,385,884,149476
2024,23,1,384,894,150370
2024,23,1,383,939,151309
2024,23,1,382,900,152209
2024,23,1,381,870,153079
2024,23,1,380,870,153949
2024,23,1,379,872,154821
2024,23,1,378,918,155739
2024,23,1,377,878,156617
2024,23,1,376,923,157540
2024,23,1,375,864,158404
2024,23,1,374,851,159255
2024,23,1,373,881,160136
2024,23,1,372,910,161046
2024,23,1,371,852,161898
2024,23,1,370,857,162755
2024,23,1,369,841,163596
2024,23,1,368,891,164487
2024,23,1,367,880,165367
2024,23,1,366,861,166228
2024,23,1,365,882,167110
2024,23,1,364,856,167966
2024,23,1,363,844,168810
2024,23,1,362,861,169671
2024,23,1,361,888,170559
2024,23,1,360,870,171429
2024,23,1,359,871,172300
2024,23,1,358,854,173154
2024,23,1,357,816,173970
2024,23,1,356,823,174793
2024,23,1,355,791,175584
2024,23,1,354,832,176416
2024,23,1,353,779,177195
2024,23,1,352,841,178036
2024,23,1,351,844,178880
2024,23,1,350,830,179710
2024,23,1,349,838,180548
2024,23,1,348,789,181337
2024,23,1,347,846,182183
2024,23,1,346,821,183004
2024,23,1,345,826,183830
2024,23,1,344,793,184623
2024,23,1,343,820,185443
2024,23,1,342,867,186310
2024,23,1,341,836,187146
2024,23,1,340,773,187919
2024,23,1,339,831,188750
2024,23,1,338,779,189529
2024,23,1,337,818,190347
2024,23,1,336,799,191146
2024,23,1,335,797,191943
2024,23,1,334,776,192719
2024,23,1,333,819,193538
2024,23,1,332,813,194351
2024,23,1,331,769,195120
2024,23,1,330,762,195882
2024,23,1,329,772,196654
2024,23,1,328,733,197387
2024,23,1,327,796,198183
2024,23,1,326,698,198881
2024,23,1,325,760,199641
2024,23,1,324,768,200409
2024,23,1,323,739,201148
2024,23,1,322,746,201894
2024,23,1,321,729,202623
2024,23,1,320,693,203316
2024,23,1,319,745,204061
2024,23,1,318,699,204760
2024,23,1,317,694,205454
2024,23,1,316,710,206164
2024,23,1,315,788,206952
2024,23,1,314,694,207646
2024,23,1,313,688,208334
2024,23,1,312,687,209021
2024,23,1,311,632,209653
2024,23,1,310,672,210325
2024,23,1,309,663,210988
2024,23,1,308,649,211637
2024,23,1,307,660,212297
2024,23,1,306,676,212973
2024,23,1,305,709,213682
2024,23,1,304,627,214309
2024,23,1,303,630,214939
2024,23,1,302,662,215601
2024,23,1,301,642,216243
2024,23,1,300,610,216853
2024,29,3,655,1,1
2024,29,3,654,0,1
2024,29,3,653,0,1
2024,29,3,652,0,1
2024,29,3,651,0,1
2024,29,3,650,0,1
2024,29,3,649,0,1
2024,29,3,648,0,1
2024,29,3,647,0,1
2024,29,3,646,0,1
2024,29,3,645,1,2
2024,29,3,644,0,2
2024,29,3,643,0,2
2024,29,3,642,0,2
2024,29,3,641,0,2
2024,29,3,640,0,2
2024,29,3,639,1,3
2024,29,3,638,0,3
2024,29,3,637,0,3
2024,29,3,636,0,3
2024,29,3,635,4,7
2024,29,3,634,0,7
2024,29,3,633,0,7
2024,29,3,632,0,7
2024,29,3,631,2,9
2024,29,3,630,0,9
2024,29,3,629,0,9
2024,29,3,628,2,11
2024,29,3,627,0,11
2024,29,3,626,0,11
2024,29,3,625,2,13
2024,29,3,624,2,15
2024,29,3,623,0,15
2024,29,3,622,8,23
2024,29,3,621,3,26
2024,29,3,620,0,26
2024,29,3,619,2,28
2024,29,3,618,0,28
2024,29,3,617,0,28
2024,29,3,616,4,32
2024,29,3,615,0,32
2024,29,3,614,0,32
2024,29,3,613,1,33
2024,29,3,612,3,36
2024,29,3,611,1,37
2024,29,3,610,1,38
2024,29,3,609,3,41
2024,29,3,608,1,42
2024,29,3,607,0,42
2024,29,3,606,0,42
2024,29,3,605,0,42
2024,29,3,604,1,43
2024,29,3,603,0,43
2024,29,3,602,2,45
2024,29,3,601,1,46
2024,29,3,600,4,50
2024,29,3,599,4,54
2024,29,3,598,0,54
2024,29,3,597,7,61
2024,29,3,596,2,63
2024,29,3,595,2,65
2024,29,3,594,0,65
2024,29,3,593,12,77
2024,29,3,592,4,81
2024,29,3,591,2,83
2024,29,3,590,6,89
2024,29,3,589,3,92
2024,29,3,588,4,96
2024,29,3,587,3,99
2024,29,3,586,1,100
2024,29,3,585,1,101
2024,29,3,584,2,103
2024,29,3,583,6,109
2024,29,3,582,2,111
2024,29,3,581,6,117
2024,29,3,580,2,119
2024,29,3,579,2,121
2024,29,3,578,4,125
2024,29,3,577,3,128
2024,29,3,576,3,131
2024,29,3,575,16,147
2024,29,3,574,20,167
2024,29,3,573,5,172
2024,29,3,572,4,176
2024,29,3,571,6,182
2024,29,3,570,8,190
2024,29,3,569,4,194
2024,29,3,568,8,202
2024,29,3,567,8,210
2024,29,3,566,8,218
2024,29,3,565,8,226
2024,29,3,564,13,239
2024,29,3,563,4,243
2024,29,3,562,12,255
2024,29,3,561,4,259
2024,29,3,560,4,263
2024,29,3,559,11,274
2024,29,3,558,7,281
2024,29,3,557,9,290
2024,29,3,556,11,301
2024,29,3,555,26,327
2024,29,3,554,11,338
2024,29,3,553,14,352
2024,29,3,552,3,355
2024,29,3,551,14,369
2024,29,3,550,6,375
2024,29,3,549,16,391
2024,29,3,548,17,408
2024,29,3,547,13,421
2024,29,3,546,18,439
2024,29,3,545,9,448
2024,29,3,544,12,460
2024,29,3,543,13,473
2024,29,3,542,6,479
2024,29,3,541,7,486
2024,29,3,540,12,498
2024,29,3,539,25,523
2024,29,3,538,12,535
2024,29,3,537,10,545
2024,29,3,536,18,563
2024,29,3,535,20,583
2024,29,3,534,23,606
2024,29,3,533,10,616
2024,29,3,532,12,628
2024,29,3,531,29,657
2024,29,3,530,15,672
2024,29,3,529,23,695
2024,29,3,528,12,707
2024,29,3,527,20,727
2024,29,3,526,14,741
2024,29,3,525,19,760
2024,29,3,524,14,774
2024,29,3,523,5,779
2024,29,3,522,24,803
2024,29,3,521,13,816
2024,29,3,520,10,826
2024,29,3,519,26,852
2024,29,3,518,14,866
2024,29,3,517,15,881
2024,29,3,516,39,920
2024,29,3,515,7,927
2024,29,3,514,24,951
2024,29,3,513,17,968
2024,29,3,512,9,977
2024,29,3,511,16,993
2024,29,3,510,30,1023
2024,29,3,509,25,1048
2024,29,3,508,10,1058
2024,29,3,507,25,1083
2024,29,3,506,43,1126
2024,29,3,505,17,1143
2024,29,3,504,35,1178
2024,29,3,503,6,1184
2024,29,3,502,31,1215
2024,29,3,501,32,1247
2024,29,3,500,8,1255
2024,29,3,499,25,1280
2024,29,3,498,16,1296
2024,29,3,497,28,1324
2024,29,3,496,33,1357
2024,29,3,495,31,1388
2024,29,3,494,33,1421
2024,29,3,493,30,1451
2024,29,3,492,31,1482
2024,29,3,491,17,1499
2024,29,3,490,21,1520
2024,29,3,489,35,1555
2024,29,3,488,23,1578
2024,29,3,487,25,1603
2024,29,3,486,21,1624
2024,29,3,485,15,1639
2024,29,3,484,56,1695
2024,29,3,483,28,1723
2024,29,3,482,19,1742
2024,29,3,481,26,1768
2024,29,3,480,53,1821
2024,29,3,479,26,1847
2024,29,3,478,36,1883
2024,29,3,477,10,1893
2024,29,3,476,47,1940
2024,29,3,475,26,1966
2024,29,3,474,37,2003
2024,29,3,473,9,2012
2024,29,3,472,40,2052
2024,29,3,471,40,2092
2024,29,3,470,35,2127
2024,29,3,469,47,2174
2024,29,3,468,26,2200
2024,29,3,467,61,2261
2024,29,3,466,37,2298
2024,29,3,465,38,2336
2024,29,3,464,38,2374
2024,29,3,463,33,2407
2024,29,3,462,23,2430
2024,29,3,461,33,2463
2024,29,3,460,41,2504
2024,29,3,459,48,2552
2024,29,3,458,15,2567
2024,29,3,457,60,2627
2024,29,3,456,38,2665
2024,29,3,455,42,2707
2024,29,3,454,20,2727
2024,29,3,453,34,2761
2024,29,3,452,34,2795
2024,29,3,451,67,2862
2024,29,3,450,39,2901
2024,29,3,449,14,2915
2024,29,3,448,63,2978
2024,29,3,447,26,3004
2024,29,3,446,26,3030
2024,29,3,445,68,3098
2024,29,3,444,48,3146
2024,29,3,443,39,3185
2024,29,3,442,46,3231
2024,29,3,441,67,3298
2024,29,3,440,56,3354
2024,29,3,439,35,3389
2024,29,3,438,54,3443
2024,29,3,437,16,3459
2024,29,3,436,60,3519
2024,29,3,435,48,3567
2024,29,3,434,65,3632
2024,29,3,433,63,3695
2024,29,3,432,43,3738
2024,29,3,431,51,3789
2024,29,3,430,64,3853
2024,29,3,429,18,3871
2024,29,3,428,69,3940
2024,29,3,427,50,3990
2024,29,3,426,50,4040
2024,29,3,425,33,4073
2024,29,3,424,75,4148
2024,29,3,423,79,4227
2024,29,3,422,46,4273
2024,29,3,421,43,4316
2024,29,3,420,62,4378
2024,29,3,419,49,4427
2024,29,3,418,61,4488
2024,29,3,417,33,4521
2024,29,3,416,77,4598
2024,29,3,415,45,4643
2024,29,3,414,77,4720
2024,29,3,413,65,4785
2024,29,3,412,48,4833
2024,29,3,411,48,4881
2024,29,3,410,66,4947
2024,29,3,409,15,4962
2024,29,3,408,51,5013
2024,29,3,407,100,5113
2024,29,3,406,73,5186
2024,29,3,405,36,5222
2024,29,3,404,53,5275
2024,29,3,403,95,5370
2024,29,3,402,66,5436
2024,29,3,401,19,5455
2024,29,3,400,68,5523
2024,29,3,399,67,5590
2024,29,3,398,75,5665
2024,29,3,397,64,5729
2024,29,3,396,66,5795
2024,29,3,395,63,5858
2024,29,3,394,75,5933
2024,29,3,393,64,5997
2024,29,3,392,93,6090
2024,29,3,391,46,6136
2024,29,3,390,73,6209
2024,29,3,389,16,6225
2024,29,3,388,117,6342
2024,29,3,387,69,6411
2024,29,3,386,51,6462
2024,29,3,385,54,6516
2024,29,3,384,77,6593
2024,29,3,383,66,6659
2024,29,3,382,81,6740
2024,29,3,381,71,6811
2024,29,3,380,72,6883
2024,29,3,379,81,6964
2024,29,3,378,94,7058
2024,29,3,377,63,7121
2024,29,3,376,71,7192
2024,29,3,375,142,7334
2024,29,3,374,29,7363
2024,29,3,373,23,7386
2024,29,3,372,147,7533
2024,29,3,371,65,7598
2024,29,3,370,63,7661
2024,29,3,369,118,7779
2024,29,3,368,87,7866
2024,29,3,367,53,7919
2024,29,3,366,101,8020
2024,29,3,365,80,8100
2024,29,3,364,74,8174
2024,29,3,363,68,8242
2024,29,3,362,81,8323
2024,29,3,361,133,8456
2024,29,3,360,94,8550
2024,29,3,359,30,8580
2024,29,3,358,135,8715
2024,29,3,357,101,8816
2024,29,3,356,77,8893
2024,29,3,355,81,8974
2024,29,3,354,96,9070
2024,29,3,353,66,9136
2024,29,3,352,139,9275
2024,29,3,351,80,9355
2024,29,3,350,89,9444
2024,29,3,349,77,9521
2024,29,3,348,90,9611
2024,29,3,347,102,9713
2024,29,3,346,132,9845
2024,29,3,345,70,9915
2024,29,3,344,83,9998
2024,29,3,343,81,10079
2024,29,3,342,152,10231
2024,29,3,341,51,10282
2024,29,3,340,82,10364
2024,29,3,339,160,10524
2024,29,3,338,70,10594
2024,29,3,337,90,10684
2024,29,3,336,92,10776
2024,29,3,335,130,10906
2024,29,3,334,130,11036
2024,29,3,333,33,11069
2024,29,3,332,170,11239
2024,29,3,331,96,11335
2024,29,3,330,112,11447
2024,29,3,329,45,11492
2024,29,3,328,140,11632
2024,29,3,327,79,11711
2024,29,3,326,128,11839
2024,29,3,325,75,11914
2024,29,3,324,111,12025
2024,29,3,323,130,12155
2024,29,3,322,107,12262
2024,29,3,321,45,12307
2024,29,3,320,161,12468
2024,29,3,319,118,12586
2024,29,3,318,21,12607
2024,29,3,317,155,12762
2024,29,3,316,118,12880
2024,29,3,315,129,13009
2024,29,3,314,93,13102
2024,29,3,313,126,13228
2024,29,3,312,84,13312
2024,29,3,311,119,13431
2024,29,3,310,115,13546
2024,29,3,309,119,13665
2024,29,3,308,111,13776
2024,29,3,307,101,13877
2024,29,3,306,59,13936
2024,29,3,305,89,14025
2024,29,3,304,141,14166
2024,29,3,303,61,14227
2024,29,3,302,129,14356
2024,29,3,301,115,14471
2024,29,3,300,67,14538
2024,29,4,652,3,3
2024,29,4,651,3,6
2024,29,4,650,9,15
2024,29,4,649,8,23
2024,29,4,648,7,30
2024,29,4,647,5,35
2024,29,4,646,4,39
2024,29,4,645,19,58
2024,29,4,644,5,63
2024,29,4,643,8,71
2024,29,4,642,4,75
2024,29,4,641,3,78
2024,29,4,640,6,84
2024,29,4,639,4,88
2024,29,4,638,7,95
2024,29,4,637,8,103
2024,29,4,636,2,105
2024,29,4,635,6,111
2024,29,4,634,3,114
2024,29,4,633,6,120
2024,29,4,632,4,124
2024,29,4,631,4,128
2024,29,4,630,7,135
2024,29,4,629,4,139
2024,29,4,628,6,145
2024,29,4,627,12,157
2024,29,4,626,8,165
2024,29,4,625,10,175
2024,29,4,624,20,195
2024,29,4,623,10,205
2024,29,4,622,9,214
2024,29,4,621,9,223
2024,29,4,620,10,233
2024,29,4,619,8,241
2024,29,4,618,11,252
2024,29,4,617,10,262
2024,29,4,616,15,277
2024,29,4,615,20,297
2024,29,4,614,14,311
2024,29,4,613,16,327
2024,29,4,612,22,349
2024,29,4,611,14,363
2024,29,4,610,6,369
2024,29,4,609,8,377
2024,29,4,608,20,397
2024,29,4,607,18,415
2024,29,4,606,34,449
2024,29,4,605,17,466
2024,29,4,604,21,487
2024,29,4,603,14,501
2024,29,4,602,22,523
2024,29,4,601,14,537
2024,29,4,600,23,560
2024,29,4,599,11,571
2024,29,4,598,28,599
2024,29,4,597,24,623
2024,29,4,596,9,632
2024,29,4,595,11,643
2024,29,4,594,16,659
2024,29,4,593,18,677
2024,29,4,592,23,700
2024,29,4,591,29,729
2024,29,4,590,25,754
2024,29,4,589,28,782
2024,29,4,588,32,814
2024,29,4,587,18,832
2024,29,4,586,33,865
2024,29,4,585,33,898
2024,29,4,584,31,929
2024,29,4,583,27,956
2024,29,4,582,5,961
2024,29,4,581,42,1003
2024,29,4,580,22,1025
2024,29,4,579,40,1065
2024,29,4,578,24,1089
2024,29,4,577,39,1128
2024,29,4,576,6,1134
2024,29,4,575,41,1175
2024,29,4,574,46,1221
2024,29,4,573,16,1237
2024,29,4,572,40,1277
2024,29,4,571,36,1313
2024,29,4,570,20,1333
2024,29,4,569,65,1398
2024,29,4,568,21,1419
2024,29,4,567,45,1464
2024,29,4,566,22,1486
2024,29,4,565,35,1521
2024,29,4,564,31,1552
2024,29,4,563,39,1591
2024,29,4,562,39,1630
2024,29,4,561,34,1664
2024,29,4,560,17,1681
2024,29,4,559,68,1749
2024,29,4,558,43,1792
2024,29,4,557,38,1830
2024,29,4,556,39,1869
2024,29,4,555,46,1915
2024,29,4,554,62,1977
2024,29,4,553,38,2015
2024,29,4,552,30,2045
2024,29,4,551,56,2101
2024,29,4,550,66,2167
2024,29,4,549,36,2203
2024,29,4,548,43,2246
2024,29,4,547,43,2289
2024,29,4,546,43,2332
2024,29,4,545,45,2377
2024,29,4,544,51,2428
2024,29,4,543,37,2465
2024,29,4,542,55,2520
2024,29,4,541,21,2541
2024,29,4,540,61,2602
2024,29,4,539,60,2662
2024,29,4,538,55,2717
2024,29,4,537,58,2775
2024,29,4,536,50,2825
2024,29,4,535,61,2886
2024,29,4,534,31,2917
2024,29,4,533,52,2969
2024,29,4,532,83,3052
2024,29,4,531,39,3091
2024,29,4,530,58,3149
2024,29,4,529,58,3207
2024,29,4,528,60,3267
2024,29,4,527,63,3330
2024,29,4,526,54,3384
2024,29,4,525,47,3431
2024,29,4,524,49,3480
2024,29,4,523,88,3568
2024,29,4,522,46,3614
2024,29,4,521,64,3678
2024,29,4,520,72,3750
2024,29,4,519,59,3809
2024,29,4,518,70,3879
2024,29,4,517,59,3938
2024,29,4,516,67,4005
2024,29,4,515,70,4075
2024,29,4,514,39,4114
2024,29,4,513,66,4180
2024,29,4,512,81,4261
2024,29,4,511,71,4332
2024,29,4,510,73,4405
2024,29,4,509,71,4476
2024,29,4,508,75,4551
2024,29,4,507,59,4610
2024,29,4,506,59,4669
2024,29,4,505,65,4734
2024,29,4,504,90,4824
2024,29,4,503,81,4905
2024,29,4,502,44,4949
2024,29,4,501,95,5044
2024,29,4,500,84,5128
2024,29,4,499,85,5213
2024,29,4,498,85,5298
2024,29,4,497,61,5359
2024,29,4,496,70,5429
2024,29,4,495,87,5516
2024,29,4,494,87,5603
2024,29,4,493,60,5663
2024,29,4,492,95,5758
2024,29,4,491,79,5837
2024,29,4,490,89,5926
2024,29,4,489,89,6015
2024,29,4,488,84,6099
2024,29,4,487,86,6185
2024,29,4,486,37,6222
2024,29,4,485,114,6336
2024,29,4,484,60,6396
2024,29,4,483,111,6507
2024,29,4,482,79,6586
2024,29,4,481,115,6701
2024,29,4,480,77,6778
2024,29,4,479,118,6896
2024,29,4,478,57,6953
2024,29,4,477,102,7055
2024,29,4,476,109,7164
2024,29,4,475,110,7274
2024,29,4,474,91,7365
2024,29,4,473,68,7433
2024,29,4,472,95,7528
2024,29,4,471,82,7610
2024,29,4,470,102,7712
2024,29,4,469,69,7781
2024,29,4,468,138,7919
2024,29,4,467,96,8015
2024,29,4,466,84,8099
2024,29,4,465,128,8227
2024,29,4,464,91,8318
2024,29,4,463,102,8420
2024,29,4,462,64,8484
2024,29,4,461,98,8582
2024,29,4,460,123,8705
2024,29,4,459,109,8814
2024,29,4,458,85,8899
2024,29,4,457,122,9021
2024,29,4,456,111,9132
2024,29,4,455,98,9230
2024,29,4,454,117,9347
2024,29,4,453,115,9462
2024,29,4,452,110,9572
2024,29,4,451,53,9625
2024,29,4,450,139,9764
2024,29,4,449,100,9864
2024,29,4,448,127,9991
2024,29,4,447,132,10123
2024,29,4,446,116,10239
2024,29,4,445,126,10365
2024,29,4,444,116,10481
2024,29,4,443,124,10605
2024,29,4,442,114,10719
2024,29,4,441,104,10823
2024,29,4,440,136,10959
2024,29,4,439,125,11084
2024,29,4,438,108,11192
2024,29,4,437,132,11324
2024,29,4,436,137,11461
2024,29,4,435,129,11590
2024,29,4,434,114,11704
2024,29,4,433,115,11819
2024,29,4,432,138,11957
2024,29,4,431,149,12106
2024,29,4,430,107,12213
2024,29,4,429,101,12314
2024,29,4,428,166,12480
2024,29,4,427,140,12620
2024,29,4,426,130,12750
2024,29,4,425,109,12859
2024,29,4,424,176,13035
2024,29,4,423,107,13142
2024,29,4,422,168,13310
2024,29,4,421,143,13453
2024,29,4,420,124,13577
2024,29,4,419,172,13749
2024,29,4,418,121,13870
2024,29,4,417,166,14036
2024,29,4,416,129,14165
2024,29,4,415,116,14281
2024,29,4,414,127,14408
2024,29,4,413,94,14502
2024,29,4,412,215,14717
2024,29,4,411,78,14795
2024,29,4,410,272,15067
2024,29,4,409,67,15134
2024,29,4,408,181,15315
2024,29,4,407,117,15432
2024,29,4,406,163,15595
2024,29,4,405,164,15759
2024,29,4,404,142,15901
2024,29,4,403,167,16068
2024,29,4,402,166,16234
2024,29,4,401,154,16388
2024,29,4,400,169,16557
2024,29,4,399,146,16703
2024,29,4,398,165,16868
2024,29,4,397,121,16989
2024,29,4,396,136,17125
2024,29,4,395,195,17320
2024,29,4,394,60,17380
2024,29,4,393,251,17631
2024,29,4,392,97,17728
2024,29,4,391,189,17917
2024,29,4,390,117,18034
2024,29,4,389,170,18204
2024,29,4,388,198,18402
2024,29,4,387,157,18559
2024,29,4,386,166,18725
2024,29,4,385,132,18857
2024,29,4,384,217,19074
2024,29,4,383,168,19242
2024,29,4,382,166,19408
2024,29,4,381,194,19602
2024,29,4,380,157,19759
2024,29,4,379,174,19933
2024,29,4,378,141,20074
2024,29,4,377,203,20277
2024,29,4,376,223,20500
2024,29,4,375,163,20663
2024,29,4,374,166,20829
2024,29,4,373,193,21022
2024,29,4,372,128,21150
2024,29,4,371,205,21355
2024,29,4,370,185,21540
2024,29,4,369,177,21717
2024,29,4,368,194,21911
2024,29,4,367,147,22058
2024,29,4,366,163,22221
2024,29,4,365,187,22408
2024,29,4,364,175,22583
2024,29,4,363,194,22777
2024,29,4,362,177,22954
2024,29,4,361,186,23140
2024,29,4,360,212,23352
2024,29,4,359,127,23479
2024,29,4,358,230,23709
2024,29,4,357,182,23891
2024,29,4,356,113,24004
2024,29,4,355,269,24273
2024,29,4,354,148,24421
2024,29,4,353,224,24645
2024,29,4,352,155,24800
2024,29,4,351,191,24991
2024,29,4,350,209,25200
2024,29,4,349,177,25377
2024,29,4,348,175,25552
2024,29,4,347,214,25766
2024,29,4,346,194,25960
2024,29,4,345,209,26169
2024,29,4,344,180,26349
2024,29,4,343,204,26553
2024,29,4,342,196,26749
2024,29,4,341,251,27000
2024,29,4,340,119,27119
2024,29,4,339,234,27353
2024,29,4,338,184,27537
2024,29,4,337,227,27764
2024,29,4,336,190,27954
2024,29,4,335,151,28105
2024,29,4,334,244,28349
2024,29,4,333,184,28533
2024,29,4,332,177,28710
2024,29,4,331,195,28905
2024,29,4,330,236,29141
2024,29,4,329,137,29278
2024,29,4,328,254,29532
2024,29,4,327,182,29714
2024,29,4,326,222,29936
2024,29,4,325,134,30070
2024,29,4,324,247,30317
2024,29,4,323,201,30518
2024,29,4,322,206,30724
2024,29,4,321,203,30927
2024,29,4,320,96,31023
2024,29,4,319,300,31323
2024,29,4,318,196,31519
2024,29,4,317,187,31706
2024,29,4,316,174,31880
2024,29,4,315,233,32113
2024,29,4,314,207,32320
2024,29,4,313,216,32536
2024,29,4,312,183,32719
2024,29,4,311,164,32883
2024,29,4,310,232,33115
2024,29,4,309,210,33325
2024,29,4,308,195,33520
2024,29,4,307,166,33686
2024,29,4,306,190,33876
2024,29,4,305,174,34050
2024,29,4,304,189,34239
2024,29,4,303,172,34411
2024,29,4,302,203,34614
2024,29,4,301,186,34800
2024,29,4,300,230,35030
2024,4,2,651,105,105
2024,4,2,650,9,114
2024,4,2,649,17,131
2024,4,2,648,13,144
2024,4,2,647,17,161
2024,4,2,646,19,180
2024,4,2,645,17,197
2024,4,2,644,33,230
2024,4,2,643,21,251
2024,4,2,642,21,272
2024,4,2,641,30,302
2024,4,2,640,25,327
2024,4,2,639,38,365
2024,4,2,638,36,401
2024,4,2,637,44,445
2024,4,2,636,34,479
2024,4,2,635,29,508
2024,4,2,634,45,553
2024,4,2,633,37,590
2024,4,2,632,43,633
2024,4,2,631,51,684
2024,4,2,630,49,733
2024,4,2,629,65,798
2024,4,2,628,63,861
2024,4,2,627,62,923
2024,4,2,626,67,990
2024,4,2,625,67,1057
2024,4,2,624,65,1122
2024,4,2,623,59,1181
2024,4,2,622,79,1260
2024,4,2,621,80,1340
2024,4,2,620,86,1426
2024,4,2,619,80,1506
2024,4,2,618,95,1601
2024,4,2,617,99,1700
2024,4,2,616,101,1801
2024,4,2,615,105,1906
2024,4,2,614,125,2031
2024,4,2,613,124,2155
2024,4,2,612,125,2280
2024,4,2,611,118,2398
2024,4,2,610,118,2516
2024,4,2,609,138,2654
2024,4,2,608,139,2793
2024,4,2,607,144,2937
2024,4,2,606,130,3067
2024,4,2,605,158,3225
2024,4,2,604,141,3366
2024,4,2,603,144,3510
2024,4,2,602,171,3681
2024,4,2,601,174,3855
2024,4,2,600,173,4028
2024,4,2,599,162,4190
2024,4,2,598,168,4358
2024,4,2,597,192,4550
2024,4,2,596,201,4751
2024,4,2,595,192,4943
2024,4,2,594,195,5138
2024,4,2,593,227,5365
2024,4,2,592,196,5561
2024,4,2,591,193,5754
2024,4,2,590,204,5958
2024,4,2,589,210,6168
2024,4,2,588,230,6398
2024,4,2,587,240,6638
2024,4,2,586,228,6866
2024,4,2,585,226,7092
2024,4,2,584,237,7329
2024,4,2,583,246,7575
2024,4,2,582,284,7859
2024,4,2,581,249,8108
2024,4,2,580,269,8377
2024,4,2,579,278,8655
2024,4,2,578,291,8946
2024,4,2,577,276,9222
2024,4,2,576,262,9484
2024,4,2,575,314,9798
2024,4,2,574,282,10080
2024,4,2,573,332,10412
2024,4,2,572,277,10689
2024,4,2,571,305,10994
2024,4,2,570,308,11302
2024,4,2,569,321,11623
2024,4,2,568,333,11956
2024,4,2,567,304,12260
2024,4,2,566,312,12572
2024,4,2,565,326,12898
2024,4,2,564,364,13262
2024,4,2,563,316,13578
2024,4,2,562,330,13908
2024,4,2,561,323,14231
2024,4,2,560,351,14582
2024,4,2,559,347,14929
2024,4,2,558,345,15274
2024,4,2,557,379,15653
2024,4,2,556,366,16019
2024,4,2,555,388,16407
2024,4,2,554,387,16794
2024,4,2,553,348,17142
2024,4,2,552,396,17538
2024,4,2,551,385,17923
2024,4,2,550,434,18357
2024,4,2,549,385,18742
2024,4,2,548,383,19125
2024,4,2,547,418,19543
2024,4,2,546,440,19983
2024,4,2,545,376,20359
2024,4,2,544,417,20776
2024,4,2,543,390,21166
2024,4,2,542,449,21615
2024,4,2,541,416,22031
2024,4,2,540,433,22464
2024,4,2,539,413,22877
2024,4,2,538,427,23304
2024,4,2,537,432,23736
2024,4,2,536,402,24138
2024,4,2,535,437,24575
2024,4,2,534,462,25037
2024,4,2,533,412,25449
2024,4,2,532,461,25910
2024,4,2,531,461,26371
2024,4,2,530,434,26805
2024,4,2,529,460,27265
2024,4,2,528,467,27732
2024,4,2,527,472,28204
2024,4,2,526,443,28647
2024,4,2,525,436,29083
2024,4,2,524,463,29546
2024,4,2,523,445,29991
2024,4,2,522,471,30462
2024,4,2,521,515,30977
2024,4,2,520,451,31428
2024,4,2,519,469,31897
2024,4,2,518,431,32328
2024,4,2,517,426,32754
2024,4,2,516,458,33212
2024,4,2,515,470,33682
2024,4,2,514,457,34139
2024,4,2,513,511,34650
2024,4,2,512,473,35123
2024,4,2,511,494,35617
2024,4,2,510,479,36096
2024,4,2,509,497,36593
2024,4,2,508,472,37065
2024,4,2,507,434,37499
2024,4,2,506,501,38000
2024,4,2,505,453,38453
2024,4,2,504,453,38906
2024,4,2,503,469,39375
2024,4,2,502,480,39855
2024,4,2,501,438,40293
2024,4,2,500,424,40717
2024,4,2,499,459,41176
2024,4,2,498,466,41642
2024,4,2,497,503,42145
2024,4,2,496,463,42608
2024,4,2,495,470,43078
2024,4,2,494,460,43538
2024,4,2,493,472,44010
2024,4,2,492,482,44492
2024,4,2,491,453,44945
2024,4,2,490,506,45451
2024,4,2,489,477,45928
2024,4,2,488,486,46414
2024,4,2,487,480,46894
2024,4,2,486,461,47355
2024,4,2,485,470,47825
2024,4,2,484,444,48269
2024,4,2,483,467,48736
2024,4,2,482,468,49204
2024,4,2,481,444,49648
2024,4,2,480,437,50085
2024,4,2,479,462,50547
2024,4,2,478,419,50966
2024,4,1,689,107,107
2024,4,1,688,15,122
2024,4,1,687,21,143
2024,4,1,686,23,166
2024,4,1,685,27,193
2024,4,1,684,33,226
2024,4,1,683,30,256
2024,4,1,682,42,298
2024,4,1,681,36,334
2024,4,1,680,37,371
2024,4,1,679,52,423
2024,4,1,678,60,483
2024,4,1,677,47,530
2024,4,1,676,66,596
2024,4,1,675,66,662
2024,4,1,674,65,727
2024,4,1,673,85,812
2024,4,1,672,75,887
2024,4,1,671,90,977
2024,4,1,670,90,1067
2024,4,1,669,105,1172
2024,4,1,668,112,1284
2024,4,1,667,121,1405
2024,4,1,666,135,1540
2024,4,1,665,129,1669
2024,4,1,664,154,1823
2024,4,1,663,164,1987
2024,4,1,662,150,2137
2024,4,1,661,159,2296
2024,4,1,660,179,2475
2024,4,1,659,187,2662
2024,4,1,658,180,2842
2024,4,1,657,184,3026
2024,4,1,656,202,3228
2024,4,1,655,248,3476
2024,4,1,654,270,3746
2024,4,1,653,241,3987
2024,4,1,652,241,4228
2024,4,1,651,271,4499
2024,4,1,650,271,4770
2024,4,1,649,289,5059
2024,4,1,648,263,5322
2024,4,1,647,321,5643
2024,4,1,646,302,5945
2024,4,1,645,330,6275
2024,4,1,644,329,6604
2024,4,1,643,346,6950
2024,4,1,642,326,7276
2024,4,1,641,357,7633
2024,4,1,640,381,8014
2024,4,1,639,365,8379
2024,4,1,638,400,8779
2024,4,1,637,365,9144
2024,4,1,636,377,9521
2024,4,1,635,419,9940
2024,4,1,634,382,10322
2024,4,1,633,436,10758
2024,4,1,632,430,11188
2024,4,1,631,441,11629
2024,4,1,630,496,12125
2024,4,1,629,452,12577
2024,4,1,628,459,13036
2024,4,1,627,514,13550
2024,4,1,626,547,14097
2024,4,1,625,496,14593
2024,4,1,624,524,15117
2024,4,1,623,552,15669
2024,4,1,622,558,16227
2024,4,1,621,540,16767
2024,4,1,620,575,17342
2024,4,1,619,587,17929
2024,4,1,618,561,18490
2024,4,1,617,585,19075
2024,4,1,616,618,19693
2024,4,1,615,621,20314
2024,4,1,614,676,20990
2024,4,1,613,598,21588
2024,4,1,612,633,22221
2024,4,1,611,621,22842
2024,4,1,610,659,23501
2024,4,1,609,704,24205
2024,4,1,608,699,24904
2024,4,1,607,701,25605
2024,4,1,606,682,26287
2024,4,1,605,747,27034
2024,4,1,604,730,27764
2024,4,1,603,721,28485
2024,4,1,602,721,29206
2024,4,1,601,776,29982
2024,4,1,600,786,30768
2024,4,1,599,759,31527
2024,4,1,598,814,32341
2024,4,1,597,846,33187
2024,4,1,596,793,33980
2024,4,1,595,839,34819
2024,4,1,594,837,35656
2024,4,1,593,846,36502
2024,4,1,592,855,37357
2024,4,1,591,853,38210
2024,4,1,590,899,39109
2024,4,1,589,840,39949
2024,4,1,588,867,40816
2024,4,1,587,874,41690
2024,4,1,586,903,42593
2024,4,1,585,969,43562
2024,4,1,584,899,44461
2024,4,1,583,928,45389
2024,4,1,582,898,46287
2024,4,1,581,990,47277
2024,4,1,580,992,48269
2024,4,1,579,949,49218
2024,4,1,578,999,50217
2024,4,1,577,973,51190
2024,4,1,576,1019,52209
2024,4,1,575,994,53203
2024,4,1,574,1060,54263
2024,4,1,573,995,55258
2024,4,1,572,1065,56323
2024,4,1,571,1075,57398
2024,4,1,570,1019,58417
2024,4,1,569,1105,59522
2024,4,1,568,1062,60584
2024,4,1,567,1020,61604
2024,4,1,566,1076,62680
2024,4,1,565,1082,63762
2024,4,1,564,1124,64886
2024,4,1,563,1063,65949
2024,4,1,562,1098,67047
2024,4,1,561,1101,68148
2024,4,1,560,1121,69269
2024,4,1,559,1160,70429
2024,4,1,558,1170,71599
2024,4,1,557,1144,72743
2024,4,1,556,1175,73918
2024,4,1,555,1161,75079
2024,4,1,554,1196,76275
2024,4,1,553,1205,77480
2024,4,1,552,1175,78655
2024,4,1,551,1218,79873
2024,4,1,550,1220,81093
2024,4,1,549,1210,82303
2024,4,1,548,1244,83547
2024,4,1,547,1170,84717
2024,4,1,546,1282,85999
2024,4,1,545,1182,87181
2024,4,1,544,1233,88414
2024,4,1,543,1221,89635
2024,4,1,542,1258,90893
2024,4,1,541,1287,92180
2024,4,1,540,1252,93432
2024,4,1,539,1272,94704
2024,4,1,538,1318,96022
2024,4,1,537,1291,97313
2024,4,1,536,1233,98546
2024,4,1,535,1297,99843
2024,4,1,534,1304,101147
2024,4,1,533,1271,102418
2024,4,1,532,1253,103671
2024,4,1,531,1221,104892
2024,4,1,530,1325,106217
2024,4,1,529,1355,107572
2024,4,1,528,1270,108842
2024,4,1,527,1259,110101
2024,4,1,526,1311,111412
2024,4,1,525,1259,112671
2024,4,1,524,1260,113931
2024,4,1,523,1222,115153
2024,4,1,522,1324,116477
2024,4,1,521,1317,117794
2024,4,1,520,1256,119050
2024,4,1,519,1339,120389
2024,4,1,518,1339,121728
2024,4,1,517,1262,122990
2024,4,1,516,1318,124308
2024,4,1,515,1330,125638
2024,4,1,514,1299,126937
2024,4,1,513,1362,128299
2024,4,1,512,1268,129567
2024,4,1,511,1258,130825
2024,4,1,510,1324,132149
2024,4,1,509,1347,133496
2024,4,1,508,1304,134800
2024,4,1,507,1273,136073
2024,4,1,506,1272,137345
2024,4,1,505,1296,138641
2024,4,1,504,1320,139961
2024,4,1,503,1285,141246
2024,4,1,502,1280,142526
2024,4,1,501,1307,143833
2024,4,1,500,1285,145118
2024,4,1,499,1330,146448
2024,4,1,498,1226,147674
2024,4,1,497,1290,148964
2024,4,1,496,1262,150226
2024,4,1,495,1182,151408
2024,4,1,494,1203,152611
2024,4,1,493,1274,153885
2024,4,1,492,1203,155088
2024,4,1,491,1286,156374
2024,4,1,490,1237,157611
2024,4,1,489,1155,158766
2024,4,1,488,1216,159982
2024,4,1,487,1197,161179
2024,4,1,486,1173,162352
2024,4,1,485,1116,163468
2024,4,1,484,1155,164623
2024,4,1,483,1145,165768
2024,4,1,482,1117,166885
2024,4,1,481,1140,168025
2024,4,1,480,1184,169209
2024,4,1,479,1101,170310
2024,4,1,478,1077,171387
2024,4,1,477,1083,172470
2024,4,1,476,1114,173584
2024,4,1,475,1095,174679
2024,4,1,474,1067,175746
2024,4,1,473,1066,176812
2024,4,1,472,1044,177856
2024,4,1,471,1013,178869
2024,4,1,470,1047,179916
2024,4,1,469,1083,180999
2024,4,1,468,984,181983
2024,4,1,467,1004,182987
2024,4,1,466,1019,184006
2024,4,1,465,996,185002
2024,4,1,464,1044,186046
2024,4,1,463,952,186998
2024,4,1,462,960,187958
2024,8,2,665,20,20
2024,8,2,664,2,22
2024,8,2,663,3,25
2024,8,2,662,1,26
2024,8,2,661,1,27
2024,8,2,660,1,28
2024,8,2,659,3,31
2024,8,2,658,7,38
2024,8,2,657,2,40
2024,8,2,656,5,45
2024,8,2,655,3,48
2024,8,2,654,5,53
2024,8,2,653,13,66
2024,8,2,652,8,74
2024,8,2,651,10,84
2024,8,2,650,3,87
2024,8,2,649,8,95
2024,8,2,648,10,105
2024,8,2,647,7,112
2024,8,2,646,12,124
2024,8,2,645,10,134
2024,8,2,644,15,149
2024,8,2,643,19,168
2024,8,2,642,10,178
2024,8,2,641,10,188
2024,8,2,640,17,205
2024,8,2,639,25,230
2024,8,2,638,20,250
2024,8,2,637,16,266
2024,8,2,636,15,281
2024,8,2,635,23,304
2024,8,2,634,20,324
2024,8,2,633,20,344
2024,8,2,632,21,365
2024,8,2,631,41,406
2024,8,2,630,26,432
2024,8,2,629,37,469
2024,8,2,628,29,498
2024,8,2,627,23,521
2024,8,2,626,32,553
2024,8,2,625,35,588
2024,8,2,624,31,619
2024,8,2,623,36,655
2024,8,2,622,52,707
2024,8,2,621,51,758
2024,8,2,620,34,792
2024,8,2,619,33,825
2024,8,2,618,49,874
2024,8,2,617,39,913
2024,8,2,616,50,963
2024,8,2,615,48,1011
2024,8,2,614,51,1062
2024,8,2,613,54,1116
2024,8,2,612,56,1172
2024,8,2,611,63,1235
2024,8,2,610,52,1287
2024,8,2,609,86,1373
2024,8,2,608,52,1425
2024,8,2,607,60,1485
2024,8,2,606,67,1552
2024,8,2,605,68,1620
2024,8,2,604,65,1685
2024,8,2,603,77,1762
2024,8,2,602,58,1820
2024,8,2,601,87,1907
2024,8,2,600,77,1984
2024,8,2,599,86,2070
2024,8,2,598,86,2156
2024,8,2,597,88,2244
2024,8,2,596,84,2328
2024,8,2,595,87,2415
2024,8,2,594,91,2506
2024,8,2,593,89,2595
2024,8,2,592,111,2706
2024,8,2,591,119,2825
2024,8,2,590,102,2927
2024,8,2,589,135,3062
2024,8,2,588,122,3184
2024,8,2,587,116,3300
2024,8,2,586,120,3420
2024,8,2,585,108,3528
2024,8,2,584,142,3670
2024,8,2,583,117,3787
2024,8,2,582,131,3918
2024,8,2,581,123,4041
2024,8,2,580,137,4178
2024,8,2,579,159,4337
2024,8,2,578,173,4510
2024,8,2,577,160,4670
2024,8,2,576,159,4829
2024,8,2,575,157,4986
2024,8,2,574,181,5167
2024,8,2,573,174,5341
2024,8,2,572,153,5494
2024,8,2,571,200,5694
2024,8,2,570,161,5855
2024,8,2,569,178,6033
2024,8,2,568,197,6230
2024,8,2,567,181,6411
2024,8,2,566,216,6627
2024,8,2,565,217,6844
2024,8,2,564,217,7061
2024,8,2,563,228,7289
2024,8,2,562,237,7526
2024,8,2,561,247,7773
2024,8,2,560,234,8007
2024,8,2,559,236,8243
2024,8,2,558,242,8485
2024,8,2,557,256,8741
2024,8,2,556,247,8988
2024,8,2,555,246,9234
2024,8,2,554,243,9477
2024,8,2,553,257,9734
2024,8,2,552,262,9996
2024,8,2,551,263,10259
2024,8,2,550,309,10568
2024,8,2,549,266,10834
2024,8,2,548,275,11109
2024,8,2,547,315,11424
2024,8,2,546,286,11710
2024,8,2,545,294,12004
2024,8,2,544,306,12310
2024,8,2,543,306,12616
2024,8,2,542,327,12943
2024,8,2,541,309,13252
2024,8,2,540,326,13578
2024,8,2,539,334,13912
2024,8,2,538,330,14242
2024,8,2,537,351,14593
2024,8,2,536,355,14948
2024,8,2,535,356,15304
2024,8,2,534,389,15693
2024,8,2,533,383,16076
2024,8,2,532,384,16460
2024,8,2,531,397,16857
2024,8,2,530,410,17267
2024,8,2,529,417,17684
2024,8,2,528,415,18099
2024,8,2,527,441,18540
2024,8,2,526,433,18973
2024,8,2,525,429,19402
2024,8,2,524,428,19830
2024,8,2,523,442,20272
2024,8,2,522,445,20717
2024,8,2,521,455,21172
2024,8,2,520,427,21599
2024,8,2,519,452,22051
2024,8,2,518,479,22530
2024,8,2,517,466,22996
2024,8,2,516,491,23487
2024,8,2,515,505,23992
2024,8,2,514,483,24475
2024,8,2,513,467,24942
2024,8,2,512,462,25404
2024,8,2,511,510,25914
2024,8,2,510,519,26433
2024,8,2,509,497,26930
2024,8,2,508,523,27453
2024,8,2,507,493,27946
2024,8,2,506,576,28522
2024,8,2,505,524,29046
2024,8,2,504,501,29547
2024,8,2,503,500,30047
2024,8,2,502,546,30593
2024,8,2,501,535,31128
2024,8,2,500,552,31680
2024,8,2,499,544,32224
2024,8,2,498,527,32751
2024,8,2,497,546,33297
2024,8,2,496,545,33842
2024,8,2,495,592,34434
2024,8,2,494,571,35005
2024,8,2,493,573,35578
2024,8,2,492,565,36143
2024,8,2,491,549,36692
2024,8,2,490,553,37245
2024,8,2,489,566,37811
2024,8,2,488,560,38371
2024,8,2,487,608,38979
2024,8,2,486,496,39475
2024,8,2,485,650,40125
2024,8,2,484,579,40704
2024,8,2,483,573,41277
2024,8,2,482,580,41857
2024,8,2,481,595,42452
2024,8,2,480,572,43024
2024,8,2,479,581,43605
2024,8,2,478,544,44149
2024,8,2,477,547,44696
2024,8,2,476,596,45292
2024,8,2,475,561,45853
2024,8,2,474,578,46431
2024,8,2,473,553,46984
2024,8,2,472,599,47583
2024,8,2,471,611,48194
2024,8,2,470,592,48786
2024,8,2,469,575,49361
2024,8,2,468,537,49898
2024,8,2,467,573,50471
2024,8,2,466,549,51020
2024,8,2,465,557,51577
2024,8,2,464,549,52126
2024,8,2,463,618,52744
2024,8,2,462,561,53305
2024,8,2,461,585,53890
2024,8,2,460,602,54492
2024,8,2,459,558,55050
2024,8,2,458,570,55620
2024,8,2,457,614,56234
2024,8,2,456,562,56796
2024,8,2,455,578,57374
2024,8,2,454,596,57970
2024,8,2,453,578,58548
2024,8,2,452,577,59125
2024,8,2,451,574,59699
2024,8,2,450,547,60246
2024,8,2,449,558,60804
2024,8,2,448,565,61369
2024,8,2,447,588,61957
2024,8,2,446,568,62525
2024,8,2,445,571,63096
2024,8,2,444,549,63645
2024,8,2,443,540,64185
2024,8,2,442,548,64733
2024,8,2,441,547,65280
2024,8,2,440,565,65845
2024,8,2,439,559,66404
2024,8,2,438,564,66968
2024,8,2,437,580,67548
2024,8,2,436,523,68071
2024,8,2,435,589,68660
2024,8,2,434,596,69256
2024,8,2,433,565,69821
2024,8,2,432,602,70423
2024,8,2,431,553,70976
2024,8,2,430,551,71527
2024,8,2,429,544,72071
2024,8,2,428,567,72638
2024,8,2,427,547,73185
2024,8,2,426,561,73746
2024,8,2,425,538,74284
2024,8,2,424,607,74891
2024,8,2,423,576,75467
2024,8,2,422,571,76038
2024,8,2,421,585,76623
2024,8,2,420,609,77232
2024,8,2,419,626,77858
2024,8,2,418,605,78463
2024,8,2,417,596,79059
2024,8,2,416,610,79669
2024,8,2,415,570,80239
2024,8,2,414,592,80831
2024,8,2,413,587,81418
2024,8,2,412,629,82047
2024,8,2,411,628,82675
2024,8,2,410,584,83259
2024,8,2,409,610,83869
2024,8,2,408,624,84493
2024,8,2,407,636,85129
2024,8,2,406,661,85790
2024,8,2,405,621,86411
2024,8,2,404,610,87021
2024,8,2,403,563,87584
2024,8,2,402,599,88183
2024,8,2,401,644,88827
2024,8,2,400,655,89482
2024,8,2,399,632,90114
2024,8,2,398,642,90756
2024,8,2,397,656,91412
2024,8,2,396,726,92138
2024,8,2,395,657,92795
2024,8,2,394,681,93476
2024,8,2,393,723,94199
2024,8,2,392,642,94841
2024,8,2,391,692,95533
2024,8,2,390,674,96207
2024,8,2,389,733,96940
2024,8,2,388,708,97648
2024,8,2,387,680,98328
2024,8,2,386,696,99024
2024,8,2,385,752,99776
2024,8,2,384,697,100473
2024,8,2,383,701,101174
2024,8,2,382,779,101953
2024,8,2,381,739,102692
2024,8,2,380,736,103428
2024,8,2,379,767,104195
2024,8,2,378,745,104940
2024,8,2,377,743,105683
2024,8,2,376,730,106413
2024,8,2,375,743,107156
2024,8,2,374,794,107950
2024,8,2,373,733,108683
2024,8,2,372,785,109468
2024,8,2,371,791,110259
2024,8,2,370,778,111037
2024,8,2,369,744,111781
2024,8,2,368,790,112571
2024,8,2,367,751,113322
2024,8,2,366,808,114130
2024,8,2,365,766,114896
2024,8,2,364,808,115704
2024,8,2,363,833,116537
2024,8,2,362,769,117306
2024,8,2,361,731,118037
2024,8,2,360,742,118779
2024,8,2,359,773,119552
2024,8,2,358,786,120338
2024,8,2,357,817,121155
2024,8,2,356,844,121999
2024,8,2,355,783,122782
2024,8,2,354,789,123571
2024,8,2,353,783,124354
2024,8,2,352,782,125136
2024,8,2,351,860,125996
2024,8,2,350,832,126828
2024,8,2,349,828,127656
2024,8,2,348,831,128487
2024,8,2,347,805,129292
2024,8,2,346,806,130098
2024,8,2,345,766,130864
2024,8,2,344,818,131682
2024,8,2,343,801,132483
2024,8,2,342,789,133272
2024,8,2,341,820,134092
2024,8,2,340,827,134919
2024,8,2,339,810,135729
2024,8,2,338,775,136504
2024,8,2,337,793,137297
2024,8,2,336,812,138109
2024,8,2,335,779,138888
2024,8,2,334,840,139728
2024,8,2,333,756,140484
2024,8,2,332,755,141239
2024,8,2,331,755,141994
2024,8,2,330,727,142721
2024,8,2,329,806,143527
2024,8,2,328,803,144330
2024,8,2,327,764,145094
2024,8,2,326,733,145827
2024,8,2,325,769,146596
2024,8,2,324,785,147381
2024,8,2,323,745,148126
2024,8,2,322,753,148879
2024,8,2,321,744,149623
2024,8,2,320,766,150389
2024,8,2,319,732,151121
2024,8,2,318,707,151828
2024,8,2,317,732,152560
2024,8,2,316,742,153302
2024,8,2,315,691,153993
2024,8,2,314,745,154738
2024,8,2,313,684,155422
2024,8,2,312,723,156145
2024,8,2,311,707,156852
2024,8,2,310,691,157543
2024,8,2,309,651,158194
2024,8,2,308,704,158898
2024,8,2,307,674,159572
2024,8,2,306,652,160224
2024,8,2,305,605,160829
2024,8,2,304,693,161522
2024,8,2,303,635,162157
2024,8,2,302,641,162798
2024,8,2,301,634,163432
2024,8,2,300,654,164086
2024,8,1,681,34,34
2024,8,1,680,7,41
2024,8,1,679,11,52
2024,8,1,678,3,55
2024,8,1,677,9,64
2024,8,1,676,17,81
2024,8,1,675,15,96
2024,8,1,674,18,114
2024,8,1,673,17,131
2024,8,1,672,10,141
2024,8,1,671,13,154
2024,8,1,670,12,166
2024,8,1,669,20,186
2024,8,1,668,25,211
2024,8,1,667,19,230
2024,8,1,666,25,255
2024,8,1,665,29,284
2024,8,1,664,25,309
2024,8,1,663,25,334
2024,8,1,662,32,366
2024,8,1,661,36,402
2024,8,1,660,37,439
2024,8,1,659,37,476
2024,8,1,658,40,516
2024,8,1,657,38,554
2024,8,1,656,56,610
2024,8,1,655,47,657
2024,8,1,654,59,716
2024,8,1,653,64,780
2024,8,1,652,66,846
2024,8,1,651,63,909
2024,8,1,650,59,968
2024,8,1,649,77,1045
2024,8,1,648,75,1120
2024,8,1,647,74,1194
2024,8,1,646,83,1277
2024,8,1,645,91,1368
2024,8,1,644,102,1470
2024,8,1,643,114,1584
2024,8,1,642,120,1704
2024,8,1,641,109,1813
2024,8,1,640,100,1913
2024,8,1,639,113,2026
2024,8,1,638,134,2160
2024,8,1,637,137,2297
2024,8,1,636,141,2438
2024,8,1,635,143,2581
2024,8,1,634,145,2726
2024,8,1,633,151,2877
2024,8,1,632,153,3030
2024,8,1,631,179,3209
2024,8,1,630,159,3368
2024,8,1,629,173,3541
2024,8,1,628,166,3707
2024,8,1,627,173,3880
2024,8,1,626,172,4052
2024,8,1,625,209,4261
2024,8,1,624,208,4469
2024,8,1,623,208,4677
2024,8,1,622,230,4907
2024,8,1,621,215,5122
2024,8,1,620,218,5340
2024,8,1,619,256,5596
2024,8,1,618,236,5832
2024,8,1,617,228,6060
2024,8,1,616,228,6288
2024,8,1,615,252,6540
2024,8,1,614,245,6785
2024,8,1,613,276,7061
2024,8,1,612,289,7350
2024,8,1,611,287,7637
2024,8,1,610,272,7909
2024,8,1,609,258,8167
2024,8,1,608,294,8461
2024,8,1,607,330,8791
2024,8,1,606,309,9100
2024,8,1,605,314,9414
2024,8,1,604,336,9750
2024,8,1,603,343,10093
2024,8,1,602,358,10451
2024,8,1,601,356,10807
2024,8,1,600,379,11186
2024,8,1,599,350,11536
2024,8,1,598,367,11903
2024,8,1,597,368,12271
2024,8,1,596,384,12655
2024,8,1,595,409,13064
2024,8,1,594,434,13498
2024,8,1,593,446,13944
2024,8,1,592,414,14358
2024,8,1,591,425,14783
2024,8,1,590,464,15247
2024,8,1,589,477,15724
2024,8,1,588,444,16168
2024,8,1,587,435,16603
2024,8,1,586,466,17069
2024,8,1,585,487,17556
2024,8,1,584,476,18032
2024,8,1,583,461,18493
2024,8,1,582,489,18982
2024,8,1,581,464,19446
2024,8,1,580,551,19997
2024,8,1,579,508,20505
2024,8,1,578,540,21045
2024,8,1,577,530,21575
2024,8,1,576,609,22184
2024,8,1,575,587,22771
2024,8,1,574,557,23328
2024,8,1,573,576,23904
2024,8,1,572,615,24519
2024,8,1,571,589,25108
2024,8,1,570,656,25764
2024,8,1,569,581,26345
2024,8,1,568,552,26897
2024,8,1,567,585,27482
2024,8,1,566,608,28090
2024,8,1,565,600,28690
2024,8,1,564,677,29367
2024,8,1,563,633,30000
2024,8,1,562,651,30651
2024,8,1,561,626,31277
2024,8,1,560,692,31969
2024,8,1,559,676,32645
2024,8,1,558,680,33325
2024,8,1,557,693,34018
2024,8,1,556,697,34715
2024,8,1,555,697,35412
2024,8,1,554,709,36121
2024,8,1,553,705,36826
2024,8,1,552,776,37602
2024,8,1,551,730,38332
2024,8,1,550,772,39104
2024,8,1,549,746,39850
2024,8,1,548,731,40581
2024,8,1,547,784,41365
2024,8,1,546,777,42142
2024,8,1,545,776,42918
2024,8,1,544,765,43683
2024,8,1,543,736,44419
2024,8,1,542,797,45216
2024,8,1,541,862,46078
2024,8,1,540,797,46875
2024,8,1,539,855,47730
2024,8,1,538,873,48603
2024,8,1,537,842,49445
2024,8,1,536,845,50290
2024,8,1,535,913,51203
2024,8,1,534,860,52063
2024,8,1,533,932,52995
2024,8,1,532,944,53939
2024,8,1,531,940,54879
2024,8,1,530,929,55808
2024,8,1,529,895,56703
2024,8,1,528,958,57661
2024,8,1,527,905,58566
2024,8,1,526,973,59539
2024,8,1,525,1018,60557
2024,8,1,524,948,61505
2024,8,1,523,994,62499
2024,8,1,522,1033,63532
2024,8,1,521,1052,64584
2024,8,1,520,1011,65595
2024,8,1,519,1031,66626
2024,8,1,518,1038,67664
2024,8,1,517,1085,68749
2024,8,1,516,1027,69776
2024,8,1,515,1047,70823
2024,8,1,514,1050,71873
2024,8,1,513,1063,72936
2024,8,1,512,1068,74004
2024,8,1,511,1108,75112
2024,8,1,510,1089,76201
2024,8,1,509,1096,77297
2024,8,1,508,1112,78409
2024,8,1,507,1176,79585
2024,8,1,506,1161,80746
2024,8,1,505,1163,81909
2024,8,1,504,1158,83067
2024,8,1,503,1122,84189
2024,8,1,502,1139,85328
2024,8,1,501,1136,86464
2024,8,1,500,1194,87658
2024,8,1,499,1223,88881
2024,8,1,498,1193,90074
2024,8,1,497,1233,91307
2024,8,1,496,1243,92550
2024,8,1,495,1147,93697
2024,8,1,494,1216,94913
2024,8,1,493,1199,96112
2024,8,1,492,1202,97314
2024,8,1,491,1199,98513
2024,8,1,490,1218,99731
2024,8,1,489,1219,100950
2024,8,1,488,1223,102173
2024,8,1,487,1168,103341
2024,8,1,486,1258,104599
2024,8,1,485,1253,105852
2024,8,1,484,1223,107075
2024,8,1,483,1247,108322
2024,8,1,482,1163,109485
2024,8,1,481,1253,110738
2024,8,1,480,1203,111941
2024,8,1,479,1237,113178
2024,8,1,478,1315,114493
2024,8,1,477,1244,115737
2024,8,1,476,1289,117026
2024,8,1,475,1233,118259
2024,8,1,474,1269,119528
2024,8,1,473,1255,120783
2024,8,1,472,1243,122026
2024,8,1,471,1276,123302
2024,8,1,470,1258,124560
2024,8,1,469,1232,125792
2024,8,1,468,1235,127027
2024,8,1,467,1292,128319
2024,8,1,466,1204,129523
2024,8,1,465,1159,130682
2024,8,1,464,1173,131855
2024,8,1,463,1187,133042
2024,8,1,462,1216,134258
2024,8,1,461,1158,135416
2024,8,1,460,1150,136566
2024,8,1,459,1181,137747
2024,8,1,458,1151,138898
2024,8,1,457,1184,140082
2024,8,1,456,1145,141227
2024,8,1,455,1179,142406
2024,8,1,454,1122,143528
2024,8,1,453,1130,144658
2024,8,1,452,1230,145888
2024,8,1,451,1155,147043
2024,8,1,450,1103,148146
2024,8,1,449,1090,149236
2024,8,1,448,1143,150379
2024,8,1,447,1078,151457
2024,8,1,446,1095,152552
2024,8,1,445,1085,153637
2024,8,1,444,1087,154724
2024,8,1,443,1058,155782
2024,8,1,442,1081,156863
2024,8,1,441,1116,157979
2024,8,1,440,991,158970
2024,8,1,439,1053,160023
2024,8,1,438,1032,161055
2024,8,1,437,1017,162072
2024,8,1,436,964,163036
2024,8,1,435,965,164001
2024,8,1,434,992,164993
2024,8,1,433,925,165918
2024,8,1,432,993,166911
2024,8,1,431,947,167858
2024,8,1,430,961,168819
2024,8,1,429,916,169735
2024,8,1,428,946,170681
2024,8,1,427,1017,171698
2024,8,1,426,904,172602
2024,8,1,425,878,173480
2024,8,1,424,899,174379
2024,8,1,423,928,175307
2024,8,1,422,885,176192
2024,8,1,421,866,177058
2024,8,1,420,873,177931
2024,8,1,419,901,178832
2024,8,1,418,862,179694
2024,8,1,417,851,180545
2024,8,1,416,835,181380
2024,8,1,415,854,182234
2024,8,1,414,836,183070
2024,8,1,413,782,183852
2024,8,1,412,853,184705
2024,8,1,411,806,185511
2024,8,1,410,777,186288
2024,8,1,409,824,187112
2024,8,1,408,796,187908
2024,8,1,407,831,188739
2024,8,1,406,736,189475
2024,8,1,405,771,190246
2024,8,1,404,738,190984
2024,8,1,403,785,191769
2024,8,1,402,799,192568
2024,8,1,401,794,193362
2024,8,1,400,718,194080
2024,8,1,399,752,194832
2024,8,1,398,664,195496
2024,8,1,397,744,196240
2024,8,1,396,716,196956
2024,8,1,395,715,197671
2024,8,1,394,653,198324
2024,8,1,393,702,199026
2024,8,1,392,660,199686
2024,8,1,391,676,200362
2024,8,1,390,636,200998
2024,8,1,389,632,201630
2024,8,1,388,663,202293
2024,8,1,387,634,202927
2024,8,1,386,650,203577
2024,8,1,385,630,204207
2024,8,1,384,664,204871
2024,8,1,383,622,205493
2024,8,1,382,648,206141
2024,8,1,381,658,206799
2024,8,1,380,604,207403
2024,8,1,379,546,207949
2024,8,1,378,595,208544
2024,8,1,377,593,209137
2024,8,1,376,623,209760
2024,8,1,375,555,210315
2024,8,1,374,575,210890
2024,8,1,373,609,211499
2024,8,1,372,601,212100
2024,8,1,371,557,212657
2024,8,1,370,565,213222
2024,8,1,369,595,213817
2024,8,1,368,527,214344
2024,8,1,367,528,214872
2024,8,1,366,552,215424
2024,8,1,365,519,215943
2024,8,1,364,587,216530
2024,8,1,363,572,217102
2024,8,1,362,509,217611
2024,8,1,361,566,218177
2024,8,1,360,495,218672
2024,8,1,359,536,219208
2024,8,1,358,556,219764
2024,8,1,357,540,220304
2024,8,1,356,514,220818
2024,8,1,355,496,221314
2024,8,1,354,507,221821
2024,8,1,353,502,222323
2024,8,1,352,493,222816
2024,8,1,351,457,223273
2024,8,1,350,440,223713
2024,8,1,349,477,224190
2024,8,1,348,449,224639
2024,8,1,347,485,225124
2024,8,1,346,477,225601
2024,8,1,345,470,226071
2024,8,1,344,444,226515
2024,8,1,343,482,226997
2024,8,1,342,422,227419
2024,8,1,341,390,227809
2024,8,1,340,451,228260
2024,8,1,339,426,228686
2024,8,1,338,439,229125
2024,8,1,337,410,229535
2024,8,1,336,411,229946
2024,8,1,335,419,230365
2024,8,1,334,409,230774
2024,8,1,333,436,231210
2024,8,1,332,405,231615
2024,8,1,331,450,232065
2024,8,1,330,449,232514
2024,8,1,329,394,232908
2024,8,1,328,401,233309
2024,8,1,327,384,233693
2024,8,1,326,388,234081
2024,8,1,325,397,234478
2024,8,1,324,353,234831
2024,8,1,323,429,235260
2024,8,1,322,349,235609
2024,8,1,321,391,236000
2024,8,1,320,348,236348
2024,8,1,319,366,236714
2024,8,1,318,344,237058
2024,8,1,317,359,237417
2024,8,1,316,346,237763
2024,8,1,315,339,238102
2024,8,1,314,336,238438
2024,8,1,313,336,238774
2024,8,1,312,392,239166
2024,8,1,311,352,239518
2024,8,1,310,314,239832
2024,8,1,309,330,240162
2024,8,1,308,304,240466
2024,8,1,307,329,240795
2024,8,1,306,330,241125
2024,8,1,305,354,241479
2024,8,1,304,305,241784
2024,8,1,303,328,242112
2024,8,1,302,298,242410
2024,8,1,301,302,242712
2024,8,1,300,349,243061
2024,13,2,673,32,32
2024,13,2,672,1,33
2024,13,2,671,0,33
2024,13,2,670,7,40
2024,13,2,669,3,43
2024,13,2,668,5,48
2024,13,2,667,6,54
2024,13,2,666,6,60
2024,13,2,665,6,66
2024,13,2,664,8,74
2024,13,2,663,7,81
2024,13,2,662,8,89
2024,13,2,661,4,93
2024,13,2,660,14,107
2024,13,2,659,5,112
2024,13,2,658,11,123
2024,13,2,657,13,136
2024,13,2,656,16,152
2024,13,2,655,15,167
2024,13,2,654,21,188
2024,13,2,653,20,208
2024,13,2,652,18,226
2024,13,2,651,22,248
2024,13,2,650,23,271
2024,13,2,649,26,297
2024,13,2,648,35,332
2024,13,2,647,37,369
2024,13,2,646,28,397
2024,13,2,645,23,420
2024,13,2,644,35,455
2024,13,2,643,41,496
2024,13,2,642,37,533
2024,13,2,641,31,564
2024,13,2,640,39,603
2024,13,2,639,46,649
2024,13,2,638,38,687
2024,13,2,637,36,723
2024,13,2,636,61,784
2024,13,2,635,48,832
2024,13,2,634,44,876
2024,13,2,633,55,931
2024,13,2,632,57,988
2024,13,2,631,59,1047
2024,13,2,630,66,1113
2024,13,2,629,79,1192
2024,13,2,628,65,1257
2024,13,2,627,65,1322
2024,13,2,626,78,1400
2024,13,2,625,74,1474
2024,13,2,624,69,1543
2024,13,2,623,98,1641
2024,13,2,622,73,1714
2024,13,2,621,100,1814
2024,13,2,620,105,1919
2024,13,2,619,80,1999
2024,13,2,618,97,2096
2024,13,2,617,93,2189
2024,13,2,616,122,2311
2024,13,2,615,114,2425
2024,13,2,614,106,2531
2024,13,2,613,120,2651
2024,13,2,612,113,2764
2024,13,2,611,118,2882
2024,13,2,610,116,2998
2024,13,2,609,126,3124
2024,13,2,608,121,3245
2024,13,2,607,123,3368
2024,13,2,606,115,3483
2024,13,2,605,136,3619
2024,13,2,604,122,3741
2024,13,2,603,141,3882
2024,13,2,602,139,4021
2024,13,2,601,154,4175
2024,13,2,600,125,4300
2024,13,2,599,151,4451
2024,13,2,598,150,4601
2024,13,2,597,169,4770
2024,13,2,596,163,4933
2024,13,2,595,181,5114
2024,13,2,594,155,5269
2024,13,2,593,160,5429
2024,13,2,592,176,5605
2024,13,2,591,198,5803
2024,13,2,590,170,5973
2024,13,2,589,194,6167
2024,13,2,588,189,6356
2024,13,2,587,204,6560
2024,13,2,586,178,6738
2024,13,2,585,208,6946
2024,13,2,584,192,7138
2024,13,2,583,198,7336
2024,13,2,582,182,7518
2024,13,2,581,190,7708
2024,13,2,580,232,7940
2024,13,2,579,204,8144
2024,13,2,578,236,8380
2024,13,2,577,215,8595
2024,13,2,576,256,8851
2024,13,2,575,215,9066
2024,13,2,574,243,9309
2024,13,2,573,240,9549
2024,13,2,572,237,9786
2024,13,2,571,235,10021
2024,13,2,570,250,10271
2024,13,2,569,259,10530
2024,13,2,568,284,10814
2024,13,2,567,263,11077
2024,13,2,566,247,11324
2024,13,2,565,312,11636
2024,13,2,564,311,11947
2024,13,2,563,276,12223
2024,13,2,562,262,12485
2024,13,2,561,278,12763
2024,13,2,560,289,13052
2024,13,2,559,283,13335
2024,13,2,558,306,13641
2024,13,2,557,292,13933
2024,13,2,556,288,14221
2024,13,2,555,322,14543
2024,13,2,554,279,14822
2024,13,2,553,322,15144
2024,13,2,552,288,15432
2024,13,2,551,368,15800
2024,13,2,550,318,16118
2024,13,2,549,331,16449
2024,13,2,548,327,16776
2024,13,2,547,330,17106
2024,13,2,546,328,17434
2024,13,2,545,366,17800
2024,13,2,544,319,18119
2024,13,2,543,339,18458
2024,13,2,542,336,18794
2024,13,2,541,347,19141
2024,13,2,540,395,19536
2024,13,2,539,390,19926
2024,13,2,538,339,20265
2024,13,2,537,397,20662
2024,13,2,536,371,21033
2024,13,2,535,408,21441
2024,13,2,534,413,21854
2024,13,2,533,397,22251
2024,13,2,532,399,22650
2024,13,2,531,426,23076
2024,13,2,530,359,23435
2024,13,2,529,440,23875
2024,13,2,528,372,24247
2024,13,2,527,429,24676
2024,13,2,526,434,25110
2024,13,2,525,412,25522
2024,13,2,524,466,25988
2024,13,2,523,441,26429
2024,13,2,522,469,26898
2024,13,2,521,426,27324
2024,13,2,520,466,27790
2024,13,2,519,468,28258
2024,13,2,518,493,28751
2024,13,2,517,428,29179
2024,13,2,516,443,29622
2024,13,2,515,474,30096
2024,13,2,514,463,30559
2024,13,2,513,485,31044
2024,13,2,512,436,31480
2024,13,2,511,461,31941
2024,13,2,510,502,32443
2024,13,2,509,492,32935
2024,13,2,508,490,33425
2024,13,2,507,471,33896
2024,13,2,506,504,34400
2024,13,2,505,489,34889
2024,13,2,504,485,35374
2024,13,2,503,485,35859
2024,13,2,502,519,36378
2024,13,2,501,511,36889
2024,13,2,500,535,37424
2024,13,2,499,476,37900
2024,13,2,498,504,38404
2024,13,2,497,487,38891
2024,13,2,496,501,39392
2024,13,2,495,510,39902
2024,13,2,494,535,40437
2024,13,2,493,523,40960
2024,13,2,492,525,41485
2024,13,2,491,553,42038
2024,13,2,490,530,42568
2024,13,2,489,587,43155
2024,13,2,488,533,43688
2024,13,2,487,575,44263
2024,13,2,486,508,44771
2024,13,2,485,536,45307
2024,13,2,484,533,45840
2024,13,2,483,535,46375
2024,13,2,482,537,46912
2024,13,2,481,547,47459
2024,13,2,480,540,47999
2024,13,2,479,559,48558
2024,13,2,478,514,49072
2024,13,2,477,536,49608
2024,13,2,476,583,50191
2024,13,2,475,560,50751
2024,13,2,474,525,51276
2024,13,2,473,528,51804
2024,13,2,472,576,52380
2024,13,2,471,586,52966
2024,13,2,470,580,53546
2024,13,2,469,531,54077
2024,13,2,468,606,54683
2024,13,2,467,526,55209
2024,13,2,466,635,55844
2024,13,2,465,526,56370
2024,13,2,464,598,56968
2024,13,2,463,584,57552
2024,13,2,462,570,58122
2024,13,2,461,636,58758
2024,13,2,460,589,59347
2024,13,2,459,542,59889
2024,13,2,458,553,60442
2024,13,2,457,617,61059
2024,13,2,456,596,61655
2024,13,2,455,546,62201
2024,13,2,454,619,62820
2024,13,2,453,595,63415
2024,13,2,452,563,63978
2024,13,2,451,612,64590
2024,13,2,450,644,65234
2024,13,2,449,634,65868
2024,13,2,448,627,66495
2024,13,2,447,628,67123
2024,13,2,446,640,67763
2024,13,2,445,636,68399
2024,13,2,444,664,69063
2024,13,2,443,628,69691
2024,13,2,442,621,70312
2024,13,2,441,610,70922
2024,13,2,440,670,71592
2024,13,2,439,648,72240
2024,13,2,438,597,72837
2024,13,2,437,606,73443
2024,13,2,436,654,74097
2024,13,2,435,651,74748
2024,13,2,434,632,75380
2024,13,2,433,695,76075
2024,13,2,432,638,76713
2024,13,2,431,638,77351
2024,13,2,430,698,78049
2024,13,2,429,666,78715
2024,13,2,428,705,79420
2024,13,2,427,668,80088
2024,13,2,426,693,80781
2024,13,2,425,672,81453
2024,13,2,424,680,82133
2024,13,2,423,726,82859
2024,13,2,422,695,83554
2024,13,2,421,702,84256
2024,13,2,420,702,84958
2024,13,2,419,678,85636
2024,13,2,418,710,86346
2024,13,2,417,648,86994
2024,13,2,416,707,87701
2024,13,2,415,712,88413
2024,13,2,414,680,89093
2024,13,2,413,709,89802
2024,13,2,412,720,90522
2024,13,2,411,694,91216
2024,13,2,410,783,91999
2024,13,2,409,726,92725
2024,13,2,408,751,93476
2024,13,2,407,738,94214
2024,13,2,406,731,94945
2024,13,2,405,763,95708
2024,13,2,404,787,96495
2024,13,2,403,772,97267
2024,13,2,402,777,98044
2024,13,2,401,811,98855
2024,13,2,400,781,99636
2024,13,2,399,754,100390
2024,13,2,398,756,101146
2024,13,2,397,780,101926
2024,13,2,396,802,102728
2024,13,2,395,768,103496
2024,13,2,394,742,104238
2024,13,2,393,753,104991
2024,13,2,392,806,105797
2024,13,2,391,826,106623
2024,13,2,390,789,107412
2024,13,2,389,803,108215
2024,13,2,388,794,109009
2024,13,2,387,803,109812
2024,13,2,386,852,110664
2024,13,2,385,873,111537
2024,13,2,384,853,112390
2024,13,2,383,789,113179
2024,13,2,382,813,113992
2024,13,2,381,835,114827
2024,13,2,380,846,115673
2024,13,2,379,865,116538
2024,13,2,378,871,117409
2024,13,2,377,870,118279
2024,13,2,376,896,119175
2024,13,2,375,951,120126
2024,13,2,374,879,121005
2024,13,2,373,811,121816
2024,13,2,372,918,122734
2024,13,2,371,859,123593
2024,13,2,370,906,124499
2024,13,2,369,900,125399
2024,13,2,368,909,126308
2024,13,2,367,880,127188
2024,13,2,366,885,128073
2024,13,2,365,812,128885
2024,13,2,364,878,129763
2024,13,2,363,903,130666
2024,13,2,362,906,131572
2024,13,2,361,886,132458
2024,13,2,360,901,133359
2024,13,2,359,864,134223
2024,13,2,358,872,135095
2024,13,2,357,917,136012
2024,13,2,356,873,136885
2024,13,2,355,931,137816
2024,13,2,354,929,138745
2024,13,2,353,921,139666
2024,13,2,352,903,140569
2024,13,2,351,932,141501
2024,13,2,350,847,142348
2024,13,2,349,859,143207
2024,13,2,348,903,144110
2024,13,2,347,878,144988
2024,13,2,346,884,145872
2024,13,2,345,822,146694
2024,13,2,344,866,147560
2024,13,2,343,882,148442
2024,13,2,342,926,149368
2024,13,2,341,841,150209
2024,13,2,340,836,151045
2024,13,2,339,846,151891
2024,13,2,338,886,152777
2024,13,2,337,845,153622
2024,13,2,336,820,154442
2024,13,2,335,802,155244
2024,13,2,334,795,156039
2024,13,2,333,799,156838
2024,13,2,332,863,157701
2024,13,2,331,839,158540
2024,13,2,330,841,159381
2024,13,2,329,796,160177
2024,13,2,328,786,160963
2024,13,2,327,798,161761
2024,13,2,326,777,162538
2024,13,2,325,791,163329
2024,13,2,324,749,164078
2024,13,2,323,772,164850
2024,13,2,322,783,165633
2024,13,2,321,785,166418
2024,13,2,320,760,167178
2024,13,2,319,771,167949
2024,13,2,318,749,168698
2024,13,2,317,788,169486
2024,13,2,316,762,170248
2024,13,2,315,700,170948
2024,13,2,314,739,171687
2024,13,2,313,709,172396
2024,13,2,312,723,173119
2024,13,2,311,638,173757
2024,13,2,310,671,174428
2024,13,2,309,632,175060
2024,13,2,308,677,175737
2024,13,2,307,690,176427
2024,13,1,689,31,31
2024,13,1,688,9,40
2024,13,1,687,6,46
2024,13,1,686,5,51
2024,13,1,685,5,56
2024,13,1,684,7,63
2024,13,1,683,7,70
2024,13,1,682,7,77
2024,13,1,681,15,92
2024,13,1,680,21,113
2024,13,1,679,15,128
2024,13,1,678,11,139
2024,13,1,677,16,155
2024,13,1,676,21,176
2024,13,1,675,17,193
2024,13,1,674,17,210
2024,13,1,673,18,228
2024,13,1,672,28,256
2024,13,1,671,35,291
2024,13,1,670,22,313
2024,13,1,669,28,341
2024,13,1,668,29,370
2024,13,1,667,26,396
2024,13,1,666,37,433
2024,13,1,665,44,477
2024,13,1,664,40,517
2024,13,1,663,46,563
2024,13,1,662,40,603
2024,13,1,661,57,660
2024,13,1,660,60,720
2024,13,1,659,64,784
2024,13,1,658,69,853
2024,13,1,657,75,928
2024,13,1,656,72,1000
2024,13,1,655,63,1063
2024,13,1,654,79,1142
2024,13,1,653,81,1223
2024,13,1,652,112,1335
2024,13,1,651,87,1422
2024,13,1,650,96,1518
2024,13,1,649,88,1606
2024,13,1,648,100,1706
2024,13,1,647,111,1817
2024,13,1,646,112,1929
2024,13,1,645,130,2059
2024,13,1,644,133,2192
2024,13,1,643,142,2334
2024,13,1,642,139,2473
2024,13,1,641,149,2622
2024,13,1,640,156,2778
2024,13,1,639,174,2952
2024,13,1,638,144,3096
2024,13,1,637,167,3263
2024,13,1,636,169,3432
2024,13,1,635,196,3628
2024,13,1,634,195,3823
2024,13,1,633,194,4017
2024,13,1,632,203,4220
2024,13,1,631,231,4451
2024,13,1,630,254,4705
2024,13,1,629,191,4896
2024,13,1,628,268,5164
2024,13,1,627,245,5409
2024,13,1,626,248,5657
2024,13,1,625,254,5911
2024,13,1,624,279,6190
2024,13,1,623,287,6477
2024,13,1,622,289,6766
2024,13,1,621,302,7068
2024,13,1,620,320,7388
2024,13,1,619,325,7713
2024,13,1,618,358,8071
2024,13,1,617,338,8409
2024,13,1,616,341,8750
2024,13,1,615,396,9146
2024,13,1,614,369,9515
2024,13,1,613,393,9908
2024,13,1,612,400,10308
2024,13,1,611,407,10715
2024,13,1,610,425,11140
2024,13,1,609,425,11565
2024,13,1,608,435,12000
2024,13,1,607,449,12449
2024,13,1,606,449,12898
2024,13,1,605,487,13385
2024,13,1,604,451,13836
2024,13,1,603,498,14334
2024,13,1,602,532,14866
2024,13,1,601,521,15387
2024,13,1,600,563,15950
2024,13,1,599,503,16453
2024,13,1,598,519,16972
2024,13,1,597,589,17561
2024,13,1,596,550,18111
2024,13,1,595,552,18663
2024,13,1,594,615,19278
2024,13,1,593,615,19893
2024,13,1,592,618,20511
2024,13,1,591,636,21147
2024,13,1,590,625,21772
2024,13,1,589,661,22433
2024,13,1,588,622,23055
2024,13,1,587,652,23707
2024,13,1,586,653,24360
2024,13,1,585,681,25041
2024,13,1,584,680,25721
2024,13,1,583,719,26440
2024,13,1,582,743,27183
2024,13,1,581,718,27901
2024,13,1,580,794,28695
2024,13,1,579,761,29456
2024,13,1,578,801,30257
2024,13,1,577,823,31080
2024,13,1,576,770,31850
2024,13,1,575,823,32673
2024,13,1,574,803,33476
2024,13,1,573,776,34252
2024,13,1,572,857,35109
2024,13,1,571,815,35924
2024,13,1,570,824,36748
2024,13,1,569,869,37617
2024,13,1,568,873,38490
2024,13,1,567,942,39432
2024,13,1,566,938,40370
2024,13,1,565,921,41291
2024,13,1,564,920,42211
2024,13,1,563,918,43129
2024,13,1,562,878,44007
2024,13,1,561,962,44969
2024,13,1,560,926,45895
2024,13,1,559,916,46811
2024,13,1,558,972,47783
2024,13,1,557,1007,48790
2024,13,1,556,1001,49791
2024,13,1,555,1017,50808
2024,13,1,554,1068,51876
2024,13,1,553,1077,52953
2024,13,1,552,1036,53989
2024,13,1,551,1056,55045
2024,13,1,550,1035,56080
2024,13,1,549,1070,57150
2024,13,1,548,1086,58236
2024,13,1,547,1152,59388
2024,13,1,546,1061,60449
2024,13,1,545,1118,61567
2024,13,1,544,1183,62750
2024,13,1,543,1159,63909
2024,13,1,542,1165,65074
2024,13,1,541,1100,66174
2024,13,1,540,1203,67377
2024,13,1,539,1196,68573
2024,13,1,538,1188,69761
2024,13,1,537,1225,70986
2024,13,1,536,1218,72204
2024,13,1,535,1230,73434
2024,13,1,534,1193,74627
2024,13,1,533,1240,75867
2024,13,1,532,1264,77131
2024,13,1,531,1298,78429
2024,13,1,530,1240,79669
2024,13,1,529,1273,80942
2024,13,1,528,1305,82247
2024,13,1,527,1319,83566
2024,13,1,526,1354,84920
2024,13,1,525,1389,86309
2024,13,1,524,1334,87643
2024,13,1,523,1324,88967
2024,13,1,522,1415,90382
2024,13,1,521,1315,91697
2024,13,1,520,1358,93055
2024,13,1,519,1232,94287
2024,13,1,518,1393,95680
2024,13,1,517,1365,97045
2024,13,1,516,1454,98499
2024,13,1,515,1473,99972
2024,13,1,514,1467,101439
2024,13,1,513,1486,102925
2024,13,1,512,1473,104398
2024,13,1,511,1495,105893
2024,13,1,510,1441,107334
2024,13,1,509,1527,108861
2024,13,1,508,1468,110329
2024,13,1,507,1555,111884
2024,13,1,506,1558,113442
2024,13,1,505,1459,114901
2024,13,1,504,1544,116445
2024,13,1,503,1527,117972
2024,13,1,502,1577,119549
2024,13,1,501,1552,121101
2024,13,1,500,1523,122624
2024,13,1,499,1651,124275
2024,13,1,498,1638,125913
2024,13,1,497,1521,127434
2024,13,1,496,1601,129035
2024,13,1,495,1587,130622
2024,13,1,494,1569,132191
2024,13,1,493,1552,133743
2024,13,1,492,1674,135417
2024,13,1,491,1577,136994
2024,13,1,490,1654,138648
2024,13,1,489,1591,140239
2024,13,1,488,1583,141822
2024,13,1,487,1617,143439
2024,13,1,486,1614,145053
2024,13,1,485,1656,146709
2024,13,1,484,1616,148325
2024,13,1,483,1596,149921
2024,13,1,482,1660,151581
2024,13,1,481,1706,153287
2024,13,1,480,1642,154929
2024,13,1,479,1580,156509
2024,13,1,478,1587,158096
2024,13,1,477,1655,159751
2024,13,1,476,1665,161416
2024,13,1,475,1648,163064
2024,13,1,474,1628,164692
2024,13,1,473,1657,166349
2024,13,1,472,1678,168027
2024,13,1,471,1727,169754
2024,13,1,470,1751,171505
2024,13,1,469,1620,173125
2024,13,1,468,1613,174738
2024,13,1,467,1668,176406
2024,13,1,466,1676,178082
2024,13,1,465,1649,179731
2024,13,1,464,1614,181345
2024,13,1,463,1679,183024
2024,13,1,462,1642,184666
2024,13,1,461,1570,186236
2024,13,1,460,1559,187795
2024,13,1,459,1574,189369
2024,13,1,458,1602,190971
2024,13,1,457,1593,192564
2024,13,1,456,1638,194202
2024,13,1,455,1633,195835
2024,13,1,454,1595,197430
2024,13,1,453,1646,199076
2024,13,1,452,1622,200698
2024,13,1,451,1593,202291
2024,13,1,450,1642,203933
2024,13,1,449,1554,205487
2024,13,1,448,1579,207066
2024,13,1,447,1597,208663
2024,13,1,446,1598,210261
2024,13,1,445,1579,211840
2024,13,1,444,1600,213440
2024,13,1,443,1521,214961
2024,13,1,442,1591,216552
2024,13,1,441,1499,218051
2024,13,1,440,1592,219643
2024,13,1,439,1514,221157
2024,13,1,438,1547,222704
2024,13,1,437,1557,224261
2024,13,1,436,1480,225741
2024,13,1,435,1503,227244
2024,13,1,434,1513,228757
2024,13,1,433,1502,230259
2024,13,1,432,1570,231829
2024,13,1,431,1480,233309
2024,13,1,430,1507,234816
2024,13,1,429,1437,236253
2024,13,1,428,1471,237724
2024,13,1,427,1478,239202
2024,13,1,426,1547,240749
2024,13,1,425,1501,242250
2024,13,1,424,1480,243730
2024,13,1,423,1502,245232
2024,13,1,422,1488,246720
2024,13,1,421,1465,248185
2024,13,1,420,1442,249627
2024,13,1,419,1399,251026
2024,13,1,418,1415,252441
2024,13,1,417,1382,253823
2024,13,1,416,1443,255266
2024,13,1,415,1443,256709
2024,13,1,414,1394,258103
2024,13,1,413,1415,259518
2024,13,1,412,1404,260922
2024,13,1,411,1378,262300
2024,13,1,410,1351,263651
2024,13,1,409,1374,265025
2024,13,1,408,1352,266377
2024,13,1,407,1340,267717
2024,13,1,406,1322,269039
2024,13,1,405,1364,270403
2024,13,1,404,1360,271763
2024,13,1,403,1314,273077
2024,13,1,402,1340,274417
2024,13,1,401,1331,275748
2024,13,1,400,1328,277076
2024,13,1,399,1243,278319
2024,13,1,398,1286,279605
2024,13,1,397,1268,280873
2024,13,1,396,1208,282081
2024,13,1,395,1251,283332
2024,13,1,394,1296,284628
2024,13,1,393,1220,285848
2024,13,1,392,1245,287093
2024,13,1,391,1175,288268
2024,13,1,390,1261,289529
2024,13,1,389,1186,290715
2024,13,1,388,1204,291919
2024,13,1,387,1185,293104
2024,13,1,386,1145,294249
2024,13,1,385,1187,295436
2024,13,1,384,1220,296656
2024,13,1,383,1137,297793
2024,13,1,382,1177,298970
2024,13,1,381,1167,300137
2024,13,1,380,1153,301290
2024,13,1,379,1100,302390
2024,13,1,378,1108,303498
2024,13,1,377,1090,304588
2024,13,1,376,1084,305672
2024,13,1,375,1051,306723
2024,13,1,374,1071,307794
2024,13,1,373,1072,308866
2024,13,1,372,1032,309898
2024,13,1,371,1058,310956
2024,13,1,370,1043,311999
2024,13,1,369,1097,313096
2024,13,1,368,1055,314151
2024,13,1,367,1030,315181
2024,13,1,366,930,316111
2024,13,1,365,982,317093
2024,13,1,364,986,318079
2024,13,1,363,925,319004
2024,13,1,362,1013,320017
2024,13,1,361,915,320932
2024,13,1,360,917,321849
2024,13,1,359,874,322723
2024,13,1,358,935,323658
2024,13,1,357,939,324597
2024,13,1,356,938,325535
2024,13,1,355,877,326412
2024,13,1,354,885,327297
2024,13,1,353,861,328158
2024,13,1,352,806,328964
2024,13,1,351,873,329837
2024,13,1,350,843,330680
2024,13,1,349,841,331521
2024,13,1,348,797,332318
2024,13,1,347,823,333141
2024,13,1,346,773,333914
2024,13,1,345,770,334684
2024,13,1,344,811,335495
2024,13,1,343,742,336237
2024,13,1,342,774,337011
2024,13,1,341,773,337784
2024,13,1,340,691,338475
2024,13,1,339,752,339227
2024,13,1,338,700,339927
2024,13,1,337,724,340651
2024,13,1,336,688,341339
2024,13,1,335,709,342048
2024,13,1,334,688,342736
2024,13,1,333,671,343407
2024,13,1,332,690,344097
2024,13,1,331,633,344730
2024,13,1,330,672,345402
2024,13,1,329,620,346022
2024,13,1,328,589,346611
2024,13,1,327,642,347253
2024,13,1,326,626,347879
2024,13,1,325,594,348473
2024,13,1,324,596,349069
2024,13,1,323,633,349702
2024,13,1,322,600,350302
2024,13,1,321,567,350869
2024,13,1,320,554,351423
2024,13,1,319,543,351966
2024,13,1,318,587,352553
2024,13,1,317,549,353102
2024,13,1,316,580,353682
2024,13,1,315,567,354249
2024,13,1,314,564,354813
2024,13,1,313,542,355355
2024,13,1,312,506,355861
2024,13,1,311,485,356346
2024,13,1,310,454,356800
2024,13,1,309,465,357265
2024,13,1,308,485,357750
2024,13,1,307,462,358212
2024,1,2,671,12,12
2024,1,2,670,0,12
2024,1,2,669,0,12
2024,1,2,668,1,13
2024,1,2,667,2,15
2024,1,2,666,2,17
2024,1,2,665,1,18
2024,1,2,664,1,19
2024,1,2,663,3,22
2024,1,2,662,3,25
2024,1,2,661,3,28
2024,1,2,660,0,28
2024,1,2,659,5,33
2024,1,2,658,3,36
2024,1,2,657,5,41
2024,1,2,656,3,44
2024,1,2,655,5,49
2024,1,2,654,10,59
2024,1,2,653,9,68
2024,1,2,652,8,76
2024,1,2,651,7,83
2024,1,2,650,8,91
2024,1,2,649,5,96
2024,1,2,648,5,101
2024,1,2,647,11,112
2024,1,2,646,9,121
2024,1,2,645,9,130
2024,1,2,644,12,142
2024,1,2,643,9,151
2024,1,2,642,19,170
2024,1,2,641,18,188
2024,1,2,640,20,208
2024,1,2,639,13,221
2024,1,2,638,12,233
2024,1,2,637,13,246
2024,1,2,636,14,260
2024,1,2,635,25,285
2024,1,2,634,17,302
2024,1,2,633,19,321
2024,1,2,632,19,340
2024,1,2,631,20,360
2024,1,2,630,28,388
2024,1,2,629,22,410
2024,1,2,628,18,428
2024,1,2,627,27,455
2024,1,2,626,27,482
2024,1,2,625,18,500
2024,1,2,624,39,539
2024,1,2,623,32,571
2024,1,2,622,43,614
2024,1,2,621,38,652
2024,1,2,620,38,690
2024,1,2,619,52,742
2024,1,2,618,46,788
2024,1,2,617,51,839
2024,1,2,616,48,887
2024,1,2,615,29,916
2024,1,2,614,58,974
2024,1,2,613,64,1038
2024,1,2,612,70,1108
2024,1,2,611,55,1163
2024,1,2,610,64,1227
2024,1,2,609,65,1292
2024,1,2,608,59,1351
2024,1,2,607,65,1416
2024,1,2,606,80,1496
2024,1,2,605,74,1570
2024,1,2,604,91,1661
2024,1,2,603,62,1723
2024,1,2,602,79,1802
2024,1,2,601,100,1902
2024,1,2,600,83,1985
2024,1,2,599,98,2083
2024,1,2,598,105,2188
2024,1,2,597,100,2288
2024,1,2,596,105,2393
2024,1,2,595,110,2503
2024,1,2,594,117,2620
2024,1,2,593,108,2728
2024,1,2,592,127,2855
2024,1,2,591,135,2990
2024,1,2,590,122,3112
2024,1,2,589,129,3241
2024,1,2,588,137,3378
2024,1,2,587,136,3514
2024,1,2,586,137,3651
2024,1,2,585,157,3808
2024,1,2,584,196,4004
2024,1,2,583,192,4196
2024,1,2,582,160,4356
2024,1,2,581,170,4526
2024,1,2,580,183,4709
2024,1,2,579,160,4869
2024,1,2,578,199,5068
2024,1,2,577,197,5265
2024,1,2,576,203,5468
2024,1,2,575,208,5676
2024,1,2,574,203,5879
2024,1,2,573,209,6088
2024,1,2,572,196,6284
2024,1,2,571,231,6515
2024,1,2,570,252,6767
2024,1,2,569,235,7002
2024,1,2,568,215,7217
2024,1,2,567,252,7469
2024,1,2,566,249,7718
2024,1,2,565,222,7940
2024,1,2,564,253,8193
2024,1,2,563,304,8497
2024,1,2,562,314,8811
2024,1,2,561,269,9080
2024,1,2,560,315,9395
2024,1,2,559,292,9687
2024,1,2,558,325,10012
2024,1,2,557,280,10292
2024,1,2,556,327,10619
2024,1,2,555,304,10923
2024,1,2,554,343,11266
2024,1,2,553,344,11610
2024,1,2,552,391,12001
2024,1,2,551,325,12326
2024,1,2,550,373,12699
2024,1,2,549,357,13056
2024,1,2,548,369,13425
2024,1,2,547,380,13805
2024,1,2,546,348,14153
2024,1,2,545,378,14531
2024,1,2,544,403,14934
2024,1,2,543,398,15332
2024,1,2,542,388,15720
2024,1,2,541,428,16148
2024,1,2,540,425,16573
2024,1,2,539,438,17011
2024,1,2,538,437,17448
2024,1,2,537,436,17884
2024,1,2,536,405,18289
2024,1,2,535,447,18736
2024,1,2,534,461,19197
2024,1,2,533,478,19675
2024,1,2,532,475,20150
2024,1,2,531,463,20613
2024,1,2,530,438,21051
2024,1,2,529,502,21553
2024,1,2,528,515,22068
2024,1,2,527,493,22561
2024,1,2,526,496,23057
2024,1,2,525,491,23548
2024,1,2,524,534,24082
2024,1,2,523,566,24648
2024,1,2,522,533,25181
2024,1,2,521,507,25688
2024,1,2,520,549,26237
2024,1,2,519,506,26743
2024,1,2,518,530,27273
2024,1,2,517,597,27870
2024,1,2,516,573,28443
2024,1,2,515,570,29013
2024,1,2,514,590,29603
2024,1,2,513,557,30160
2024,1,2,512,566,30726
2024,1,2,511,606,31332
2024,1,2,510,604,31936
2024,1,2,509,615,32551
2024,1,2,508,632,33183
2024,1,2,507,604,33787
2024,1,2,506,661,34448
2024,1,2,505,659,35107
2024,1,2,504,636,35743
2024,1,2,503,618,36361
2024,1,2,502,657,37018
2024,1,2,501,656,37674
2024,1,2,500,691,38365
2024,1,2,499,633,38998
2024,1,2,498,682,39680
2024,1,2,497,687,40367
2024,1,2,496,680,41047
2024,1,2,495,655,41702
2024,1,2,494,657,42359
2024,1,2,493,689,43048
2024,1,2,492,685,43733
2024,1,2,491,692,44425
2024,1,2,490,759,45184
2024,1,2,489,740,45924
2024,1,2,488,724,46648
2024,1,2,487,746,47394
2024,1,2,486,759,48153
2024,1,2,485,708,48861
2024,1,2,484,725,49586
2024,1,2,483,729,50315
2024,1,2,482,724,51039
2024,1,2,481,792,51831
2024,1,2,480,767,52598
2024,1,2,479,731,53329
2024,1,2,478,765,54094
2024,1,2,477,821,54915
2024,1,2,476,768,55683
2024,1,2,475,819,56502
2024,1,2,474,811,57313
2024,1,2,473,761,58074
2024,1,2,472,840,58914
2024,1,2,471,815,59729
2024,1,2,470,796,60525
2024,1,2,469,856,61381
2024,1,2,468,813,62194
2024,1,2,467,822,63016
2024,1,2,466,823,63839
2024,1,2,465,869,64708
2024,1,2,464,823,65531
2024,1,2,463,858,66389
2024,1,2,462,823,67212
2024,1,2,461,883,68095
2024,1,2,460,810,68905
2024,1,2,459,833,69738
2024,1,2,458,856,70594
2024,1,2,457,866,71460
2024,1,2,456,870,72330
2024,1,2,455,858,73188
2024,1,2,454,851,74039
2024,1,2,453,841,74880
2024,1,2,452,869,75749
2024,1,2,451,906,76655
2024,1,2,450,807,77462
2024,1,2,449,855,78317
2024,1,2,448,914,79231
2024,1,2,447,887,80118
2024,1,2,446,827,80945
2024,1,2,445,856,81801
2024,1,2,444,883,82684
2024,1,2,443,893,83577
2024,1,2,442,899,84476
2024,1,2,441,946,85422
2024,1,2,440,947,86369
2024,1,2,439,910,87279
2024,1,2,438,892,88171
2024,1,2,437,915,89086
2024,1,2,436,898,89984
2024,1,2,435,966,90950
2024,1,2,434,985,91935
2024,1,2,433,909,92844
2024,1,2,432,939,93783
2024,1,2,431,973,94756
2024,1,2,430,960,95716
2024,1,2,429,986,96702
2024,1,2,428,930,97632
2024,1,2,427,904,98536
2024,1,2,426,966,99502
2024,1,2,425,978,100480
2024,1,2,424,963,101443
2024,1,2,423,918,102361
2024,1,2,422,918,103279
2024,1,2,421,935,104214
2024,1,2,420,958,105172
2024,1,2,419,965,106137
2024,1,2,418,1008,107145
2024,1,2,417,995,108140
2024,1,2,416,960,109100
2024,1,2,415,964,110064
2024,1,2,414,968,111032
2024,1,2,413,986,112018
2024,1,2,412,992,113010
2024,1,2,411,981,113991
2024,1,2,410,1071,115062
2024,1,2,409,1011,116073
2024,1,2,408,988,117061
2024,1,2,407,1019,118080
2024,1,2,406,1050,119130
2024,1,2,405,1041,120171
2024,1,2,404,1050,121221
2024,1,2,403,1096,122317
2024,1,2,402,1038,123355
2024,1,2,401,1068,124423
2024,1,2,400,1047,125470
2024,1,2,399,1072,126542
2024,1,2,398,1053,127595
2024,1,2,397,1106,128701
2024,1,2,396,1033,129734
2024,1,2,395,991,130725
2024,1,2,394,1110,131835
2024,1,2,393,1074,132909
2024,1,2,392,1012,133921
2024,1,2,391,1114,135035
2024,1,2,390,1108,136143
2024,1,2,389,1046,137189
2024,1,2,388,1076,138265
2024,1,2,387,1098,139363
2024,1,2,386,1117,140480
2024,1,2,385,1079,141559
2024,1,2,384,1129,142688
2024,1,2,383,1127,143815
2024,1,2,382,1131,144946
2024,1,2,381,1138,146084
2024,1,2,380,1146,147230
2024,1,2,379,1117,148347
2024,1,2,378,1121,149468
2024,1,2,377,1117,150585
2024,1,2,376,1079,151664
2024,1,2,375,1094,152758
2024,1,2,374,1136,153894
2024,1,2,373,1161,155055
2024,1,2,372,1110,156165
2024,1,2,371,1111,157276
2024,1,2,370,1169,158445
2024,1,2,369,1130,159575
2024,1,2,368,1162,160737
2024,1,2,367,1192,161929
2024,1,2,366,1171,163100
2024,1,2,365,1257,164357
2024,1,2,364,1120,165477
2024,1,2,363,1219,166696
2024,1,2,362,1188,167884
2024,1,2,361,1206,169090
2024,1,2,360,1188,170278
2024,1,2,359,1197,171475
2024,1,2,358,1178,172653
2024,1,2,357,1181,173834
2024,1,2,356,1263,175097
2024,1,2,355,1260,176357
2024,1,2,354,1227,177584
2024,1,2,353,1190,178774
2024,1,2,352,1168,179942
2024,1,2,351,1162,181104
2024,1,2,350,1153,182257
2024,1,2,349,1211,183468
2024,1,2,348,1166,184634
2024,1,2,347,1306,185940
2024,1,2,346,1200,187140
2024,1,2,345,1323,188463
2024,1,2,344,1236,189699
2024,1,2,343,1198,190897
2024,1,2,342,1211,192108
2024,1,2,341,1223,193331
2024,1,2,340,1227,194558
2024,1,2,339,1217,195775
2024,1,2,338,1252,197027
2024,1,2,337,1214,198241
2024,1,2,336,1239,199480
2024,1,2,335,1237,200717
2024,1,2,334,1285,202002
2024,1,2,333,1232,203234
2024,1,2,332,1252,204486
2024,1,2,331,1227,205713
2024,1,2,330,1244,206957
2024,1,2,329,1254,208211
2024,1,2,328,1192,209403
2024,1,2,327,1189,210592
2024,1,2,326,1168,211760
2024,1,2,325,1280,213040
2024,1,2,324,1311,214351
2024,1,2,323,1272,215623
2024,1,2,322,1255,216878
2024,1,2,321,1296,218174
2024,1,2,320,1278,219452
2024,1,2,319,1266,220718
2024,1,2,318,1274,221992
2024,1,2,317,1295,223287
2024,1,2,316,1236,224523
2024,1,2,315,1292,225815
2024,1,2,314,1265,227080
2024,1,2,313,1299,228379
2024,1,2,312,1248,229627
2024,1,2,311,1293,230920
2024,1,2,310,1289,232209
2024,1,2,309,1289,233498
2024,1,2,308,1258,234756
2024,1,2,307,1264,236020
2024,1,2,306,1307,237327
2024,1,2,305,1300,238627
2024,1,2,304,1287,239914
2024,1,2,303,1290,241204
2024,1,2,302,1257,242461
2024,1,2,301,1288,243749
2024,1,2,300,1227,244976
2024,1,1,709,10,10
2024,1,1,708,3,13
2024,1,1,707,4,17
2024,1,1,706,4,21
2024,1,1,705,2,23
2024,1,1,704,5,28
2024,1,1,703,5,33
2024,1,1,702,5,38
2024,1,1,701,5,43
2024,1,1,700,9,52
2024,1,1,699,12,64
2024,1,1,698,11,75
2024,1,1,697,6,81
2024,1,1,696,13,94
2024,1,1,695,17,111
2024,1,1,694,17,128
2024,1,1,693,22,150
2024,1,1,692,24,174
2024,1,1,691,19,193
2024,1,1,690,22,215
2024,1,1,689,24,239
2024,1,1,688,35,274
2024,1,1,687,30,304
2024,1,1,686,37,341
2024,1,1,685,28,369
2024,1,1,684,39,408
2024,1,1,683,36,444
2024,1,1,682,47,491
2024,1,1,681,30,521
2024,1,1,680,52,573
2024,1,1,679,35,608
2024,1,1,678,76,684
2024,1,1,677,62,746
2024,1,1,676,66,812
2024,1,1,675,69,881
2024,1,1,674,77,958
2024,1,1,673,66,1024
2024,1,1,672,71,1095
2024,1,1,671,85,1180
2024,1,1,670,66,1246
2024,1,1,669,72,1318
2024,1,1,668,92,1410
2024,1,1,667,99,1509
2024,1,1,666,95,1604
2024,1,1,665,110,1714
2024,1,1,664,109,1823
2024,1,1,663,119,1942
2024,1,1,662,109,2051
2024,1,1,661,106,2157
2024,1,1,660,115,2272
2024,1,1,659,133,2405
2024,1,1,658,141,2546
2024,1,1,657,116,2662
2024,1,1,656,147,2809
2024,1,1,655,146,2955
2024,1,1,654,165,3120
2024,1,1,653,167,3287
2024,1,1,652,154,3441
2024,1,1,651,167,3608
2024,1,1,650,176,3784
2024,1,1,649,171,3955
2024,1,1,648,198,4153
2024,1,1,647,179,4332
2024,1,1,646,219,4551
2024,1,1,645,193,4744
2024,1,1,644,222,4966
2024,1,1,643,211,5177
2024,1,1,642,208,5385
2024,1,1,641,250,5635
2024,1,1,640,220,5855
2024,1,1,639,265,6120
2024,1,1,638,293,6413
2024,1,1,637,256,6669
2024,1,1,636,296,6965
2024,1,1,635,284,7249
2024,1,1,634,299,7548
2024,1,1,633,283,7831
2024,1,1,632,308,8139
2024,1,1,631,305,8444
2024,1,1,630,366,8810
2024,1,1,629,323,9133
2024,1,1,628,365,9498
2024,1,1,627,341,9839
2024,1,1,626,349,10188
2024,1,1,625,404,10592
2024,1,1,624,370,10962
2024,1,1,623,401,11363
2024,1,1,622,404,11767
2024,1,1,621,437,12204
2024,1,1,620,403,12607
2024,1,1,619,421,13028
2024,1,1,618,447,13475
2024,1,1,617,466,13941
2024,1,1,616,455,14396
2024,1,1,615,495,14891
2024,1,1,614,511,15402
2024,1,1,613,511,15913
2024,1,1,612,575,16488
2024,1,1,611,494,16982
2024,1,1,610,537,17519
2024,1,1,609,540,18059
2024,1,1,608,583,18642
2024,1,1,607,614,19256
2024,1,1,606,613,19869
2024,1,1,605,587,20456
2024,1,1,604,583,21039
2024,1,1,603,617,21656
2024,1,1,602,680,22336
2024,1,1,601,627,22963
2024,1,1,600,675,23638
2024,1,1,599,671,24309
2024,1,1,598,740,25049
2024,1,1,597,713,25762
2024,1,1,596,703,26465
2024,1,1,595,749,27214
2024,1,1,594,705,27919
2024,1,1,593,718,28637
2024,1,1,592,732,29369
2024,1,1,591,754,30123
2024,1,1,590,764,30887
2024,1,1,589,793,31680
2024,1,1,588,848,32528
2024,1,1,587,855,33383
2024,1,1,586,847,34230
2024,1,1,585,836,35066
2024,1,1,584,882,35948
2024,1,1,583,893,36841
2024,1,1,582,903,37744
2024,1,1,581,938,38682
2024,1,1,580,923,39605
2024,1,1,579,936,40541
2024,1,1,578,968,41509
2024,1,1,577,936,42445
2024,1,1,576,1014,43459
2024,1,1,575,1004,44463
2024,1,1,574,993,45456
2024,1,1,573,1057,46513
2024,1,1,572,1035,47548
2024,1,1,571,1046,48594
2024,1,1,570,972,49566
2024,1,1,569,1076,50642
2024,1,1,568,1044,51686
2024,1,1,567,1035,52721
2024,1,1,566,1188,53909
2024,1,1,565,1126,55035
2024,1,1,564,1154,56189
2024,1,1,563,1092,57281
2024,1,1,562,1119,58400
2024,1,1,561,1179,59579
2024,1,1,560,1166,60745
2024,1,1,559,1194,61939
2024,1,1,558,1193,63132
2024,1,1,557,1181,64313
2024,1,1,556,1245,65558
2024,1,1,555,1252,66810
2024,1,1,554,1240,68050
2024,1,1,553,1292,69342
2024,1,1,552,1260,70602
2024,1,1,551,1249,71851
2024,1,1,550,1257,73108
2024,1,1,549,1301,74409
2024,1,1,548,1277,75686
2024,1,1,547,1316,77002
2024,1,1,546,1337,78339
2024,1,1,545,1316,79655
2024,1,1,544,1297,80952
2024,1,1,543,1388,82340
2024,1,1,542,1332,83672
2024,1,1,541,1319,84991
2024,1,1,540,1333,86324
2024,1,1,539,1434,87758
2024,1,1,538,1436,89194
2024,1,1,537,1434,90628
2024,1,1,536,1402,92030
2024,1,1,535,1421,93451
2024,1,1,534,1443,94894
2024,1,1,533,1485,96379
2024,1,1,532,1458,97837
2024,1,1,531,1462,99299
2024,1,1,530,1438,100737
2024,1,1,529,1474,102211
2024,1,1,528,1463,103674
2024,1,1,527,1486,105160
2024,1,1,526,1450,106610
2024,1,1,525,1587,108197
2024,1,1,524,1457,109654
2024,1,1,523,1512,111166
2024,1,1,522,1572,112738
2024,1,1,521,1533,114271
2024,1,1,520,1559,115830
2024,1,1,519,1551,117381
2024,1,1,518,1616,118997
2024,1,1,517,1586,120583
2024,1,1,516,1575,122158
2024,1,1,515,1543,123701
2024,1,1,514,1578,125279
2024,1,1,513,1706,126985
2024,1,1,512,1597,128582
2024,1,1,511,1613,130195
2024,1,1,510,1525,131720
2024,1,1,509,1539,133259
2024,1,1,508,1644,134903
2024,1,1,507,1580,136483
2024,1,1,506,1636,138119
2024,1,1,505,1589,139708
2024,1,1,504,1584,141292
2024,1,1,503,1643,142935
2024,1,1,502,1646,144581
2024,1,1,501,1586,146167
2024,1,1,500,1671,147838
2024,1,1,499,1655,149493
2024,1,1,498,1591,151084
2024,1,1,497,1644,152728
2024,1,1,496,1607,154335
2024,1,1,495,1671,156006
2024,1,1,494,1646,157652
2024,1,1,493,1691,159343
2024,1,1,492,1672,161015
2024,1,1,491,1603,162618
2024,1,1,490,1668,164286
2024,1,1,489,1672,165958
2024,1,1,488,1650,167608
2024,1,1,487,1763,169371
2024,1,1,486,1632,171003
2024,1,1,485,1728,172731
2024,1,1,484,1752,174483
2024,1,1,483,1687,176170
2024,1,1,482,1760,177930
2024,1,1,481,1697,179627
2024,1,1,480,1741,181368
2024,1,1,479,1689,183057
2024,1,1,478,1756,184813
2024,1,1,477,1749,186562
2024,1,1,476,1689,188251
2024,1,1,475,1768,190019
2024,1,1,474,1750,191769
2024,1,1,473,1690,193459
2024,1,1,472,1719,195178
2024,1,1,471,1722,196900
2024,1,1,470,1802,198702
2024,1,1,469,1811,200513
2024,1,1,468,1751,202264
2024,1,1,467,1730,203994
2024,1,1,466,1775,205769
2024,1,1,465,1689,207458
2024,1,1,464,1791,209249
2024,1,1,463,1759,211008
2024,1,1,462,1750,212758
2024,1,1,461,1639,214397
2024,1,1,460,1812,216209
2024,1,1,459,1755,217964
2024,1,1,458,1719,219683
2024,1,1,457,1758,221441
2024,1,1,456,1838,223279
2024,1,1,455,1808,225087
2024,1,1,454,1810,226897
2024,1,1,453,1778,228675
2024,1,1,452,1762,230437
2024,1,1,451,1805,232242
2024,1,1,450,1769,234011
2024,1,1,449,1768,235779
2024,1,1,448,1804,237583
2024,1,1,447,1750,239333
2024,1,1,446,1846,241179
2024,1,1,445,1761,242940
2024,1,1,444,1754,244694
2024,1,1,443,1736,246430
2024,1,1,442,1840,248270
2024,1,1,441,1759,250029
2024,1,1,440,1844,251873
2024,1,1,439,1827,253700
2024,1,1,438,1755,255455
2024,1,1,437,1817,257272
2024,1,1,436,1864,259136
2024,1,1,435,1850,260986
2024,1,1,434,1839,262825
2024,1,1,433,1805,264630
2024,1,1,432,1764,266394
2024,1,1,431,1792,268186
2024,1,1,430,1727,269913
2024,1,1,429,1803,271716
2024,1,1,428,1760,273476
2024,1,1,427,1790,275266
2024,1,1,426,1782,277048
2024,1,1,425,1807,278855
2024,1,1,424,1757,280612
2024,1,1,423,1825,282437
2024,1,1,422,1798,284235
2024,1,1,421,1764,285999
2024,1,1,420,1724,287723
2024,1,1,419,1773,289496
2024,1,1,418,1792,291288
2024,1,1,417,1760,293048
2024,1,1,416,1774,294822
2024,1,1,415,1712,296534
2024,1,1,414,1743,298277
2024,1,1,413,1757,300034
2024,1,1,412,1765,301799
2024,1,1,411,1769,303568
2024,1,1,410,1757,305325
2024,1,1,409,1735,307060
2024,1,1,408,1732,308792
2024,1,1,407,1779,310571
2024,1,1,406,1743,312314
2024,1,1,405,1766,314080
2024,1,1,404,1732,315812
2024,1,1,403,1788,317600
2024,1,1,402,1691,319291
2024,1,1,401,1689,320980
2024,1,1,400,1670,322650
2024,1,1,399,1750,324400
2024,1,1,398,1747,326147
2024,1,1,397,1701,327848
2024,1,1,396,1725,329573
2024,1,1,395,1752,331325
2024,1,1,394,1705,333030
2024,1,1,393,1656,334686
2024,1,1,392,1757,336443
2024,1,1,391,1695,338138
2024,1,1,390,1670,339808
2024,1,1,389,1604,341412
2024,1,1,388,1685,343097
2024,1,1,387,1716,344813
2024,1,1,386,1672,346485
2024,1,1,385,1697,348182
2024,1,1,384,1664,349846
2024,1,1,383,1680,351526
2024,1,1,382,1662,353188
2024,1,1,381,1598,354786
2024,1,1,380,1626,356412
2024,1,1,379,1592,358004
2024,1,1,378,1543,359547
2024,1,1,377,1588,361135
2024,1,1,376,1561,362696
2024,1,1,375,1584,364280
2024,1,1,374,1625,365905
2024,1,1,373,1680,367585
2024,1,1,372,1574,369159
2024,1,1,371,1584,370743
2024,1,1,370,1607,372350
2024,1,1,369,1542,373892
2024,1,1,368,1617,375509
2024,1,1,367,1556,377065
2024,1,1,366,1576,378641
2024,1,1,365,1548,380189
2024,1,1,364,1566,381755
2024,1,1,363,1643,383398
2024,1,1,362,1521,384919
2024,1,1,361,1471,386390
2024,1,1,360,1548,387938
2024,1,1,359,1634,389572
2024,1,1,358,1470,391042
2024,1,1,357,1526,392568
2024,1,1,356,1484,394052
2024,1,1,355,1488,395540
2024,1,1,354,1503,397043
2024,1,1,353,1523,398566
2024,1,1,352,1486,400052
2024,1,1,351,1503,401555
2024,1,1,350,1442,402997
2024,1,1,349,1494,404491
2024,1,1,348,1441,405932
2024,1,1,347,1462,407394
2024,1,1,346,1475,408869
2024,1,1,345,1459,410328
2024,1,1,344,1527,411855
2024,1,1,343,1455,413310
2024,1,1,342,1419,414729
2024,1,1,341,1393,416122
2024,1,1,340,1455,417577
2024,1,1,339,1410,418987
2024,1,1,338,1455,420442
2024,1,1,337,1395,421837
2024,1,1,336,1381,423218
2024,1,1,335,1469,424687
2024,1,1,334,1428,426115
2024,1,1,333,1391,427506
2024,1,1,332,1370,428876
2024,1,1,331,1467,430343
2024,1,1,330,1326,431669
2024,1,1,329,1313,432982
2024,1,1,328,1397,434379
2024,1,1,327,1267,435646
2024,1,1,326,1357,437003
2024,1,1,325,1279,438282
2024,1,1,324,1358,439640
2024,1,1,323,1280,440920
2024,1,1,322,1350,442270
2024,1,1,321,1249,443519
2024,1,1,320,1282,444801
2024,1,1,319,1275,446076
2024,1,1,318,1331,447407
2024,1,1,317,1208,448615
2024,1,1,316,1281,449896
2024,1,1,315,1191,451087
2024,1,1,314,1251,452338
,,,,,
,,,,,
,,,,,
,,,,,
,,,,,
,,,,,
,,,,,
,,,,,
,,,,,
,,,,,
,,,,,
,,,,,
,,,,,
,,,,,
2024,10,5,699,331,331
2024,10,5,698,65,396
2024,10,5,697,72,468
2024,10,5,696,65,533
2024,10,5,695,64,597
2024,10,5,694,70,667
2024,10,5,693,96,763
2024,10,5,692,92,855
2024,10,5,691,84,939
2024,10,5,690,100,1039
2024,10,5,689,99,1138
2024,10,5,688,127,1265
2024,10,5,687,114,1379
2024,10,5,686,153,1532
2024,10,5,685,125,1657
2024,10,5,684,142,1799
2024,10,5,683,182,1981
2024,10,5,682,147,2128
2024,10,5,681,183,2311
2024,10,5,680,205,2516
2024,10,5,679,222,2738
2024,10,5,678,188,2926
2024,10,5,677,196,3122
2024,10,5,676,223,3345
2024,10,5,675,232,3577
2024,10,5,674,266,3843
2024,10,5,673,240,4083
2024,10,5,672,282,4365
2024,10,5,671,262,4627
2024,10,5,670,287,4914
2024,10,5,669,284,5198
2024,10,5,668,300,5498
2024,10,5,667,290,5788
2024,10,5,666,328,6116
2024,10,5,665,334,6450
2024,10,5,664,392,6842
2024,10,5,663,349,7191
2024,10,5,662,375,7566
2024,10,5,661,385,7951
2024,10,5,660,356,8307
2024,10,5,659,381,8688
2024,10,5,658,445,9133
2024,10,5,657,410,9543
2024,10,5,656,439,9982
2024,10,5,655,443,10425
2024,10,5,654,492,10917
2024,10,5,653,459,11376
2024,10,5,652,472,11848
2024,10,5,651,516,12364
2024,10,5,650,480,12844
2024,10,5,649,500,13344
2024,10,5,648,538,13882
2024,10,5,647,501,14383
2024,10,5,646,572,14955
2024,10,5,645,599,15554
2024,10,5,644,580,16134
2024,10,5,643,578,16712
2024,10,5,642,556,17268
2024,10,5,641,658,17926
2024,10,5,640,667,18593
2024,10,5,639,636,19229
2024,10,5,638,686,19915
2024,10,5,637,635,20550
2024,10,5,636,672,21222
2024,10,5,635,695,21917
2024,10,5,634,708,22625
2024,10,5,633,744,23369
2024,10,5,632,752,24121
2024,10,5,631,741,24862
2024,10,5,630,768,25630
2024,10,5,629,765,26395
2024,10,5,628,838,27233
2024,10,5,627,798,28031
2024,10,5,626,828,28859
2024,10,5,625,825,29684
2024,10,5,624,843,30527
2024,10,5,623,904,31431
2024,10,5,622,888,32319
2024,10,5,621,847,33166
2024,10,5,620,874,34040
2024,10,5,619,903,34943
2024,10,5,618,929,35872
2024,10,5,617,910,36782
2024,10,5,616,974,37756
2024,10,5,615,942,38698
2024,10,5,614,964,39662
2024,10,5,613,974,40636
2024,10,5,612,942,41578
2024,10,5,611,961,42539
2024,10,5,610,999,43538
2024,10,5,609,966,44504
2024,10,5,608,1030,45534
2024,10,5,607,1054,46588
2024,10,5,606,1029,47617
2024,10,5,605,1083,48700
2024,10,5,604,1067,49767
2024,10,5,603,1065,50832
2024,10,5,602,1047,51879
2024,10,5,601,1080,52959
2024,10,5,600,1005,53964
2024,10,5,599,1119,55083
2024,10,5,598,1143,56226
2024,10,5,597,1068,57294
2024,10,5,596,1056,58350
2024,10,5,595,1106,59456
2024,10,5,594,1096,60552
2024,10,5,593,1148,61700
2024,10,5,592,1126,62826
2024,10,5,591,1053,63879
2024,10,5,590,1110,64989
2024,10,5,589,1119,66108
2024,10,5,588,1170,67278
2024,10,5,587,1149,68427
2024,10,5,586,1055,69482
2024,10,5,585,1191,70673
2024,10,5,584,1120,71793
2024,10,5,583,1104,72897
2024,10,5,582,1117,74014
2024,10,5,581,1175,75189
2024,10,5,580,1168,76357
2024,10,5,579,1164,77521
2024,10,5,578,1164,78685
2024,10,5,577,1100,79785
2024,10,5,576,1156,80941
2024,10,5,575,1133,82074
2024,10,5,574,1142,83216
2024,10,5,573,1218,84434
2024,10,5,572,1133,85567
2024,10,5,571,1156,86723
2024,10,5,570,1151,87874
2024,10,5,569,1134,89008
2024,10,5,568,1192,90200
2024,10,5,567,1201,91401
2024,10,5,566,1182,92583
2024,10,5,565,1190,93773
2024,10,5,564,1162,94935
2024,10,5,563,1188,96123
2024,10,5,562,1138,97261
2024,10,5,561,1223,98484
2024,10,5,560,1121,99605
2024,10,5,559,1205,100810
2024,10,5,558,1212,102022
2024,10,5,557,1144,103166
2024,10,5,556,1233,104399
2024,10,5,555,1181,105580
2024,10,5,554,1212,106792
2024,10,5,553,1251,108043
2024,10,5,552,1164,109207
2024,10,5,551,1149,110356
2024,10,5,550,1194,111550
2024,10,5,549,1173,112723
2024,10,5,548,1174,113897
2024,10,5,547,1224,115121
2024,10,5,546,1141,116262
2024,10,5,545,1126,117388
2024,10,5,544,1225,118613
2024,10,5,543,1198,119811
2024,10,5,542,1136,120947
2024,10,5,541,1141,122088
2024,10,5,540,1211,123299
2024,10,5,539,1230,124529
2024,10,5,538,1115,125644
2024,10,5,537,1116,126760
2024,10,5,536,1199,127959
2024,10,5,535,1149,129108
2024,10,5,534,1154,130262
2024,10,5,533,1148,131410
2024,10,5,532,1161,132571
2024,10,5,531,1149,133720
2024,10,5,530,1168,134888
2024,10,5,529,1159,136047
2024,10,5,528,1229,137276
2024,10,5,527,1187,138463
2024,10,5,526,1166,139629
2024,10,5,525,1202,140831
2024,10,5,524,1189,142020
2024,10,5,523,1118,143138
2024,10,5,522,1201,144339
2024,10,5,521,1219,145558
2024,10,5,520,1162,146720
2024,10,5,519,1206,147926
2024,10,5,518,1120,149046
2024,10,5,517,1237,150283
2024,10,5,516,1134,151417
2024,10,5,515,1180,152597
2024,10,5,514,1121,153718
2024,10,5,513,1174,154892
2024,10,5,512,1127,156019
2024,10,5,511,1125,157144
2024,10,5,510,1080,158224
2024,10,5,509,1123,159347
2024,10,5,508,1076,160423
2024,10,5,507,1209,161632
2024,10,5,506,1185,162817
2024,10,5,505,1150,163967
2024,10,5,504,1183,165150
2024,10,5,503,1126,166276
2024,10,5,502,1114,167390
2024,10,5,501,1098,168488
2024,10,5,500,1060,169548
2024,10,5,499,1125,170673
2024,10,5,498,1090,171763
2024,10,5,497,1094,172857
2024,10,5,496,1022,173879
2024,10,5,495,1010,174889
2024,10,5,494,1046,175935
2024,10,5,493,1049,176984
2024,10,5,492,1075,178059
2024,10,5,491,1043,179102
2024,10,5,490,1114,180216
2024,10,5,489,1011,181227
2024,10,5,488,1032,182259
2024,10,5,487,1025,183284
2024,10,5,486,1017,184301
2024,10,5,485,978,185279
2024,10,5,484,978,186257
2024,10,5,483,1047,187304
2024,10,5,482,970,188274
2024,10,5,481,1003,189277
2024,10,5,480,1024,190301
2024,10,5,479,996,191297
2024,10,5,478,955,192252
2024,10,5,477,960,193212
2024,10,5,476,990,194202
2024,10,5,475,991,195193
2024,10,5,474,967,196160
2024,10,5,473,877,197037
2024,10,5,472,911,197948
2024,10,5,471,892,198840
2024,10,5,470,904,199744
2024,10,5,469,931,200675
2024,10,5,468,888,201563
2024,10,5,467,888,202451
2024,10,5,466,916,203367
2024,10,5,465,884,204251
2024,10,5,464,935,205186
2024,10,5,463,766,205952
2024,10,5,462,822,206774
2024,10,5,461,864,207638
2024,10,5,460,852,208490
2024,10,5,459,808,209298
2024,10,5,458,837,210135
2024,10,5,457,816,210951
2024,10,5,456,808,211759
2024,10,5,455,852,212611
2024,10,5,454,805,213416
2024,10,5,453,803,214219
2024,10,5,452,763,214982
2024,10,5,451,759,215741
2024,10,5,450,778,216519
2024,10,5,449,800,217319
2024,10,5,448,802,218121
2024,10,5,447,755,218876
2024,10,5,446,760,219636
2024,10,5,445,713,220349
2024,10,5,444,731,221080
2024,10,5,443,719,221799
2024,10,5,442,677,222476
2024,10,5,441,747,223223
2024,10,5,440,745,223968
2024,10,5,439,707,224675
2024,10,5,438,680,225355
2024,10,5,437,683,226038
2024,10,5,436,707,226745
2024,10,5,435,669,227414
2024,10,5,434,676,228090
2024,10,5,433,651,228741
2024,10,5,432,653,229394
2024,10,5,431,683,230077
2024,10,5,430,639,230716
2024,10,5,429,661,231377
2024,10,5,428,623,232000
2024,10,5,427,620,232620
2024,10,5,426,617,233237
2024,10,5,425,637,233874
2024,10,5,424,676,234550
2024,10,5,423,600,235150
2024,10,5,422,642,235792
2024,10,5,421,600,236392
2024,10,5,420,582,236974
2024,10,5,419,594,237568
2024,10,5,418,594,238162
2024,10,5,417,553,238715
2024,10,5,416,581,239296
2024,10,5,415,565,239861
2024,10,5,414,604,240465
2024,10,5,413,565,241030
2024,10,5,412,578,241608
2024,10,5,411,521,242129
2024,10,5,410,611,242740
2024,10,5,409,556,243296
2024,10,5,408,546,243842
2024,10,5,407,511,244353
2024,10,5,406,551,244904
2024,10,5,405,543,245447
2024,10,5,404,508,245955
2024,10,5,403,528,246483
2024,10,5,402,524,247007
2024,10,5,401,503,247510
2024,10,5,400,497,248007
2024,10,5,399,470,248477
2024,10,5,398,476,248953
2024,10,5,397,468,249421
2024,10,5,396,462,249883
2024,10,5,395,483,250366
2024,10,5,394,442,250808
2024,10,5,393,455,251263
2024,10,5,392,478,251741
2024,10,5,391,447,252188
2024,10,5,390,454,252642
2024,10,5,389,430,253072
2024,10,5,388,441,253513
2024,10,5,387,417,253930
2024,10,5,386,432,254362
2024,10,5,385,433,254795
2024,10,5,384,420,255215
2024,10,5,383,387,255602
2024,10,5,382,438,256040
2024,10,5,381,401,256441
2024,10,5,380,392,256833
2024,10,5,379,424,257257
2024,10,5,378,383,257640
2024,10,5,377,350,257990
2024,10,5,376,366,258356
2024,10,5,375,355,258711
2024,10,5,374,394,259105
2024,10,5,373,367,259472
2024,10,5,372,368,259840
2024,10,5,371,362,260202
2024,10,5,370,366,260568
2024,10,5,369,328,260896
2024,10,5,368,371,261267
2024,10,5,367,311,261578
2024,10,5,366,314,261892
2024,10,5,365,378,262270
2024,10,5,364,346,262616
2024,10,5,363,336,262952
2024,10,5,362,306,263258
2024,10,5,361,324,263582
2024,10,5,360,299,263881
2024,10,5,359,316,264197
2024,10,5,358,301,264498
2024,10,5,357,318,264816
2024,10,5,356,250,265066
2024,10,5,355,290,265356
2024,10,5,354,262,265618
2024,10,5,353,262,265880
2024,10,5,352,295,266175
2024,10,5,351,266,266441
2024,10,5,350,268,266709
2024,10,5,349,245,266954
2024,10,5,348,275,267229
2024,10,5,347,265,267494
2024,10,5,346,284,267778
2024,10,5,345,255,268033
2024,10,5,344,277,268310
2024,10,5,343,251,268561
2024,10,5,342,250,268811
2024,10,5,341,241,269052
2024,10,5,340,222,269274
2024,10,5,339,209,269483
2024,10,5,338,226,269709
2024,10,5,337,210,269919
2024,10,5,336,199,270118
2024,10,5,335,214,270332
2024,10,5,334,225,270557
2024,10,5,333,232,270789
2024,10,5,332,200,270989
2024,10,5,331,196,271185
2024,10,5,330,179,271364
2024,10,5,329,197,271561
2024,10,5,328,185,271746
2024,10,5,327,171,271917
2024,10,5,326,183,272100
2024,10,5,325,195,272295
2024,10,5,324,180,272475
2024,10,5,323,195,272670
2024,10,5,322,169,272839
2024,10,5,321,141,272980
2024,10,5,320,174,273154
2024,10,5,319,142,273296
2024,10,5,318,148,273444
2024,10,5,317,164,273608
2024,10,5,316,146,273754
2024,10,5,315,170,273924
2024,10,5,314,157,274081
2024,10,5,313,154,274235
2024,10,5,312,144,274379
2024,10,5,311,141,274520
2024,10,5,310,152,274672
2024,10,5,309,136,274808
2024,10,5,308,139,274947
2024,10,5,307,143,275090
2024,10,5,306,163,275253
2024,10,5,305,137,275390
2024,10,5,304,139,275529
2024,10,5,303,141,275670
2024,10,5,302,148,275818
2024,10,5,301,135,275953
2024,10,5,300,130,276083
2024,16,2,670,9,9
2024,16,2,669,1,10
2024,16,2,668,2,12
2024,16,2,667,0,12
2024,16,2,666,3,15
2024,16,2,665,3,18
2024,16,2,664,3,21
2024,16,2,663,2,23
2024,16,2,662,1,24
2024,16,2,661,6,30
2024,16,2,660,5,35
2024,16,2,659,1,36
2024,16,2,658,3,39
2024,16,2,657,6,45
2024,16,2,656,5,50
2024,16,2,655,5,55
2024,16,2,654,4,59
2024,16,2,653,8,67
2024,16,2,652,10,77
2024,16,2,651,9,86
2024,16,2,650,11,97
2024,16,2,649,5,102
2024,16,2,648,12,114
2024,16,2,647,14,128
2024,16,2,646,15,143
2024,16,2,645,14,157
2024,16,2,644,19,176
2024,16,2,643,13,189
2024,16,2,642,14,203
2024,16,2,641,11,214
2024,16,2,640,13,227
2024,16,2,639,18,245
2024,16,2,638,25,270
2024,16,2,637,23,293
2024,16,2,636,24,317
2024,16,2,635,21,338
2024,16,2,634,27,365
2024,16,2,633,28,393
2024,16,2,632,27,420
2024,16,2,631,17,437
2024,16,2,630,26,463
2024,16,2,629,33,496
2024,16,2,628,37,533
2024,16,2,627,38,571
2024,16,2,626,43,614
2024,16,2,625,41,655
2024,16,2,624,43,698
2024,16,2,623,49,747
2024,16,2,622,32,779
2024,16,2,621,37,816
2024,16,2,620,39,855
2024,16,2,619,53,908
2024,16,2,618,52,960
2024,16,2,617,42,1002
2024,16,2,616,59,1061
2024,16,2,615,50,1111
2024,16,2,614,53,1164
2024,16,2,613,60,1224
2024,16,2,612,61,1285
2024,16,2,611,63,1348
2024,16,2,610,52,1400
2024,16,2,609,73,1473
2024,16,2,608,60,1533
2024,16,2,607,69,1602
2024,16,2,606,93,1695
2024,16,2,605,78,1773
2024,16,2,604,80,1853
2024,16,2,603,77,1930
2024,16,2,602,72,2002
2024,16,2,601,80,2082
2024,16,2,600,94,2176
2024,16,2,599,83,2259
2024,16,2,598,92,2351
2024,16,2,597,86,2437
2024,16,2,596,105,2542
2024,16,2,595,101,2643
2024,16,2,594,97,2740
2024,16,2,593,104,2844
2024,16,2,592,107,2951
2024,16,2,591,92,3043
2024,16,2,590,118,3161
2024,16,2,589,118,3279
2024,16,2,588,116,3395
2024,16,2,587,113,3508
2024,16,2,586,108,3616
2024,16,2,585,132,3748
2024,16,2,584,136,3884
2024,16,2,583,128,4012
2024,16,2,582,108,4120
2024,16,2,581,112,4232
2024,16,2,580,129,4361
2024,16,2,579,142,4503
2024,16,2,578,149,4652
2024,16,2,577,137,4789
2024,16,2,576,134,4923
2024,16,2,575,136,5059
2024,16,2,574,134,5193
2024,16,2,573,139,5332
2024,16,2,572,162,5494
2024,16,2,571,150,5644
2024,16,2,570,153,5797
2024,16,2,569,176,5973
2024,16,2,568,186,6159
2024,16,2,567,165,6324
2024,16,2,566,165,6489
2024,16,2,565,154,6643
2024,16,2,564,173,6816
2024,16,2,563,179,6995
2024,16,2,562,153,7148
2024,16,2,561,174,7322
2024,16,2,560,186,7508
2024,16,2,559,185,7693
2024,16,2,558,178,7871
2024,16,2,557,196,8067
2024,16,2,556,173,8240
2024,16,2,555,181,8421
2024,16,2,554,197,8618
2024,16,2,553,173,8791
2024,16,2,552,209,9000
2024,16,2,551,214,9214
2024,16,2,550,212,9426
2024,16,2,549,212,9638
2024,16,2,548,180,9818
2024,16,2,547,187,10005
2024,16,2,546,224,10229
2024,16,2,545,207,10436
2024,16,2,544,234,10670
2024,16,2,543,256,10926
2024,16,2,542,228,11154
2024,16,2,541,203,11357
2024,16,2,540,205,11562
2024,16,2,539,221,11783
2024,16,2,538,225,12008
2024,16,2,537,222,12230
2024,16,2,536,246,12476
2024,16,2,535,238,12714
2024,16,2,534,231,12945
2024,16,2,533,248,13193
2024,16,2,532,225,13418
2024,16,2,531,228,13646
2024,16,2,530,236,13882
2024,16,2,529,280,14162
2024,16,2,528,269,14431
2024,16,2,527,235,14666
2024,16,2,526,251,14917
2024,16,2,525,261,15178
2024,16,2,524,283,15461
2024,16,2,523,257,15718
2024,16,2,522,267,15985
2024,16,2,521,260,16245
2024,16,2,520,241,16486
2024,16,2,519,252,16738
2024,16,2,518,264,17002
2024,16,2,517,259,17261
2024,16,2,516,233,17494
2024,16,2,515,269,17763
2024,16,2,514,250,18013
2024,16,2,513,261,18274
2024,16,2,512,276,18550
2024,16,2,511,264,18814
2024,16,2,510,268,19082
2024,16,2,509,274,19356
2024,16,2,508,274,19630
2024,16,2,507,281,19911
2024,16,2,506,289,20200
2024,16,2,505,299,20499
2024,16,2,504,288,20787
2024,16,2,503,311,21098
2024,16,2,502,269,21367
2024,16,2,501,279,21646
2024,16,2,500,309,21955
2024,16,2,499,298,22253
2024,16,2,498,273,22526
2024,16,2,497,322,22848
2024,16,2,496,265,23113
2024,16,2,495,300,23413
2024,16,2,494,311,23724
2024,16,2,493,304,24028
2024,16,2,492,300,24328
2024,16,2,491,286,24614
2024,16,2,490,309,24923
2024,16,2,489,308,25231
2024,16,2,488,285,25516
2024,16,2,487,299,25815
2024,16,2,486,289,26104
2024,16,2,485,339,26443
2024,16,2,484,290,26733
2024,16,2,483,297,27030
2024,16,2,482,340,27370
2024,16,2,481,305,27675
2024,16,2,480,325,28000
2024,16,2,479,328,28328
2024,16,2,478,326,28654
2024,16,2,477,346,29000
2024,16,2,476,295,29295
2024,16,2,475,340,29635
2024,16,2,474,316,29951
2024,16,2,473,328,30279
2024,16,2,472,360,30639
2024,16,2,471,366,31005
2024,16,2,470,321,31326
2024,16,2,469,325,31651
2024,16,2,468,373,32024
2024,16,2,467,325,32349
2024,16,2,466,321,32670
2024,16,2,465,351,33021
2024,16,2,464,334,33355
2024,16,2,463,371,33726
2024,16,2,462,372,34098
2024,16,2,461,332,34430
2024,16,2,460,329,34759
2024,16,2,459,361,35120
2024,16,2,458,349,35469
2024,16,2,457,355,35824
2024,16,2,456,345,36169
2024,16,2,455,376,36545
2024,16,2,454,364,36909
2024,16,2,453,375,37284
2024,16,2,452,383,37667
2024,16,2,451,352,38019
2024,16,2,450,398,38417
2024,16,2,449,349,38766
2024,16,2,448,361,39127
2024,16,2,447,382,39509
2024,16,2,446,341,39850
2024,16,2,445,384,40234
2024,16,2,444,383,40617
2024,16,2,443,406,41023
2024,16,2,442,386,41409
2024,16,2,441,399,41808
2024,16,2,440,364,42172
2024,16,2,439,373,42545
2024,16,2,438,398,42943
2024,16,2,437,390,43333
2024,16,2,436,378,43711
2024,16,2,435,368,44079
2024,16,2,434,388,44467
2024,16,2,433,360,44827
2024,16,2,432,398,45225
2024,16,2,431,396,45621
2024,16,2,430,402,46023
2024,16,2,429,389,46412
2024,16,2,428,391,46803
2024,16,2,427,388,47191
2024,16,2,426,410,47601
2024,16,2,425,410,48011
2024,16,2,424,368,48379
2024,16,2,423,383,48762
2024,16,2,422,407,49169
2024,16,2,421,381,49550
2024,16,2,420,401,49951
2024,16,2,419,421,50372
2024,16,2,418,422,50794
2024,16,2,417,431,51225
2024,16,2,416,403,51628
2024,16,2,415,394,52022
2024,16,2,414,379,52401
2024,16,2,413,418,52819
2024,16,2,412,440,53259
2024,16,2,411,401,53660
2024,16,2,410,406,54066
2024,16,2,409,431,54497
2024,16,2,408,426,54923
2024,16,2,407,424,55347
2024,16,2,406,396,55743
2024,16,2,405,428,56171
2024,16,2,404,412,56583
2024,16,2,403,457,57040
2024,16,2,402,443,57483
2024,16,2,401,421,57904
2024,16,2,400,417,58321
2024,16,2,399,437,58758
2024,16,2,398,468,59226
2024,16,2,397,448,59674
2024,16,2,396,437,60111
2024,16,2,395,442,60553
2024,16,2,394,422,60975
2024,16,2,393,482,61457
2024,16,2,392,456,61913
2024,16,2,391,457,62370
2024,16,2,390,456,62826
2024,16,2,389,436,63262
2024,16,2,388,461,63723
2024,16,2,387,488,64211
2024,16,2,386,495,64706
2024,16,2,385,402,65108
2024,16,2,384,482,65590
2024,16,2,383,428,66018
2024,16,2,382,422,66440
2024,16,2,381,448,66888
2024,16,2,380,470,67358
2024,16,2,379,465,67823
2024,16,2,378,422,68245
2024,16,2,377,476,68721
2024,16,2,376,474,69195
2024,16,2,375,433,69628
2024,16,2,374,469,70097
2024,16,2,373,464,70561
2024,16,2,372,450,71011
2024,16,2,371,437,71448
2024,16,2,370,452,71900
2024,16,2,369,469,72369
2024,16,2,368,486,72855
2024,16,2,367,479,73334
2024,16,2,366,475,73809
2024,16,2,365,498,74307
2024,16,2,364,484,74791
2024,16,2,363,485,75276
2024,16,2,362,479,75755
2024,16,2,361,474,76229
2024,16,2,360,435,76664
2024,16,2,359,483,77147
2024,16,2,358,430,77577
2024,16,2,357,478,78055
2024,16,2,356,464,78519
2024,16,2,355,473,78992
2024,16,2,354,487,79479
2024,16,2,353,520,79999
2024,16,2,352,483,80482
2024,16,2,351,502,80984
2024,16,2,350,478,81462
2024,16,2,349,458,81920
2024,16,2,348,456,82376
2024,16,2,347,475,82851
2024,16,2,346,464,83315
2024,16,2,345,471,83786
2024,16,2,344,486,84272
2024,16,2,343,467,84739
2024,16,2,342,463,85202
2024,16,2,341,435,85637
2024,16,2,340,460,86097
2024,16,2,339,490,86587
2024,16,2,338,511,87098
2024,16,2,337,430,87528
2024,16,2,336,468,87996
2024,16,2,335,485,88481
2024,16,2,334,450,88931
2024,16,2,333,501,89432
2024,16,2,332,492,89924
2024,16,2,331,444,90368
2024,16,2,330,449,90817
2024,16,2,329,476,91293
2024,16,2,328,422,91715
2024,16,2,327,441,92156
2024,16,2,326,465,92621
2024,16,2,325,471,93092
2024,16,2,324,462,93554
2024,16,2,323,465,94019
2024,16,2,322,439,94458
2024,16,2,321,471,94929
2024,16,2,320,435,95364
2024,16,2,319,447,95811
2024,16,2,318,443,96254
2024,16,2,317,423,96677
2024,16,2,316,421,97098
2024,16,2,315,461,97559
2024,16,2,314,420,97979
2024,16,2,313,418,98397
2024,16,2,312,439,98836
2024,16,2,311,389,99225
2024,16,2,310,423,99648
2024,16,2,309,416,100064
2024,16,2,308,394,100458
2024,16,2,307,378,100836
2024,16,2,306,400,101236
2024,16,2,305,392,101628
2024,16,2,304,392,102020
2024,16,2,303,401,102421
2024,16,2,302,417,102838
2024,16,2,301,390,103228
2024,16,2,300,379,103607
2024,16,1,695,44,44
2024,16,1,694,6,50
2024,16,1,693,10,60
2024,16,1,692,11,71
2024,16,1,691,12,83
2024,16,1,690,15,98
2024,16,1,689,17,115
2024,16,1,688,13,128
2024,16,1,687,9,137
2024,16,1,686,22,159
2024,16,1,685,14,173
2024,16,1,684,14,187
2024,16,1,683,21,208
2024,16,1,682,31,239
2024,16,1,681,32,271
2024,16,1,680,29,300
2024,16,1,679,32,332
2024,16,1,678,40,372
2024,16,1,677,40,412
2024,16,1,676,34,446
2024,16,1,675,42,488
2024,16,1,674,38,526
2024,16,1,673,55,581
2024,16,1,672,37,618
2024,16,1,671,53,671
2024,16,1,670,55,726
2024,16,1,669,62,788
2024,16,1,668,54,842
2024,16,1,667,56,898
2024,16,1,666,65,963
2024,16,1,665,83,1046
2024,16,1,664,90,1136
2024,16,1,663,105,1241
2024,16,1,662,73,1314
2024,16,1,661,102,1416
2024,16,1,660,91,1507
2024,16,1,659,96,1603
2024,16,1,658,116,1719
2024,16,1,657,128,1847
2024,16,1,656,124,1971
2024,16,1,655,109,2080
2024,16,1,654,113,2193
2024,16,1,653,122,2315
2024,16,1,652,138,2453
2024,16,1,651,143,2596
2024,16,1,650,131,2727
2024,16,1,649,152,2879
2024,16,1,648,154,3033
2024,16,1,647,185,3218
2024,16,1,646,144,3362
2024,16,1,645,170,3532
2024,16,1,644,180,3712
2024,16,1,643,189,3901
2024,16,1,642,184,4085
2024,16,1,641,202,4287
2024,16,1,640,208,4495
2024,16,1,639,215,4710
2024,16,1,638,180,4890
2024,16,1,637,209,5099
2024,16,1,636,227,5326
2024,16,1,635,217,5543
2024,16,1,634,213,5756
2024,16,1,633,226,5982
2024,16,1,632,261,6243
2024,16,1,631,266,6509
2024,16,1,630,268,6777
2024,16,1,629,279,7056
2024,16,1,628,300,7356
2024,16,1,627,303,7659
2024,16,1,626,251,7910
2024,16,1,625,305,8215
2024,16,1,624,271,8486
2024,16,1,623,274,8760
2024,16,1,622,307,9067
2024,16,1,621,290,9357
2024,16,1,620,344,9701
2024,16,1,619,334,10035
2024,16,1,618,337,10372
2024,16,1,617,308,10680
2024,16,1,616,378,11058
2024,16,1,615,337,11395
2024,16,1,614,361,11756
2024,16,1,613,402,12158
2024,16,1,612,378,12536
2024,16,1,611,396,12932
2024,16,1,610,383,13315
2024,16,1,609,413,13728
2024,16,1,608,388,14116
2024,16,1,607,403,14519
2024,16,1,606,415,14934
2024,16,1,605,422,15356
2024,16,1,604,412,15768
2024,16,1,603,462,16230
2024,16,1,602,455,16685
2024,16,1,601,454,17139
2024,16,1,600,474,17613
2024,16,1,599,471,18084
2024,16,1,598,479,18563
2024,16,1,597,500,19063
2024,16,1,596,474,19537
2024,16,1,595,468,20005
2024,16,1,594,488,20493
2024,16,1,593,493,20986
2024,16,1,592,525,21511
2024,16,1,591,486,21997
2024,16,1,590,476,22473
2024,16,1,589,598,23071
2024,16,1,588,525,23596
2024,16,1,587,536,24132
2024,16,1,586,549,24681
2024,16,1,585,543,25224
2024,16,1,584,568,25792
2024,16,1,583,600,26392
2024,16,1,582,599,26991
2024,16,1,581,600,27591
2024,16,1,580,641,28232
2024,16,1,579,669,28901
2024,16,1,578,561,29462
2024,16,1,577,618,30080
2024,16,1,576,633,30713
2024,16,1,575,638,31351
2024,16,1,574,618,31969
2024,16,1,573,644,32613
2024,16,1,572,656,33269
2024,16,1,571,688,33957
2024,16,1,570,664,34621
2024,16,1,569,685,35306
2024,16,1,568,672,35978
2024,16,1,567,681,36659
2024,16,1,566,660,37319
2024,16,1,565,688,38007
2024,16,1,564,672,38679
2024,16,1,563,669,39348
2024,16,1,562,694,40042
2024,16,1,561,671,40713
2024,16,1,560,725,41438
2024,16,1,559,698,42136
2024,16,1,558,719,42855
2024,16,1,557,762,43617
2024,16,1,556,709,44326
2024,16,1,555,725,45051
2024,16,1,554,790,45841
2024,16,1,553,697,46538
2024,16,1,552,744,47282
2024,16,1,551,737,48019
2024,16,1,550,789,48808
2024,16,1,549,730,49538
2024,16,1,548,757,50295
2024,16,1,547,749,51044
2024,16,1,546,790,51834
2024,16,1,545,694,52528
2024,16,1,544,730,53258
2024,16,1,543,797,54055
2024,16,1,542,782,54837
2024,16,1,541,839,55676
2024,16,1,540,823,56499
2024,16,1,539,757,57256
2024,16,1,538,795,58051
2024,16,1,537,821,58872
2024,16,1,536,844,59716
2024,16,1,535,772,60488
2024,16,1,534,804,61292
2024,16,1,533,801,62093
2024,16,1,532,811,62904
2024,16,1,531,791,63695
2024,16,1,530,781,64476
2024,16,1,529,884,65360
2024,16,1,528,838,66198
2024,16,1,527,843,67041
2024,16,1,526,821,67862
2024,16,1,525,816,68678
2024,16,1,524,825,69503
2024,16,1,523,759,70262
2024,16,1,522,846,71108
2024,16,1,521,834,71942
2024,16,1,520,844,72786
2024,16,1,519,822,73608
2024,16,1,518,825,74433
2024,16,1,517,843,75276
2024,16,1,516,769,76045
2024,16,1,515,829,76874
2024,16,1,514,828,77702
2024,16,1,513,855,78557
2024,16,1,512,843,79400
2024,16,1,511,809,80209
2024,16,1,510,837,81046
2024,16,1,509,842,81888
2024,16,1,508,864,82752
2024,16,1,507,876,83628
2024,16,1,506,837,84465
2024,16,1,505,865,85330
2024,16,1,504,851,86181
2024,16,1,503,809,86990
2024,16,1,502,851,87841
2024,16,1,501,826,88667
2024,16,1,500,834,89501
2024,16,1,499,811,90312
2024,16,1,498,800,91112
2024,16,1,497,853,91965
2024,16,1,496,785,92750
2024,16,1,495,867,93617
2024,16,1,494,821,94438
2024,16,1,493,807,95245
2024,16,1,492,790,96035
2024,16,1,491,826,96861
2024,16,1,490,859,97720
2024,16,1,489,823,98543
2024,16,1,488,877,99420
2024,16,1,487,770,100190
2024,16,1,486,851,101041
2024,16,1,485,853,101894
2024,16,1,484,828,102722
2024,16,1,483,888,103610
2024,16,1,482,819,104429
2024,16,1,481,856,105285
2024,16,1,480,812,106097
2024,16,1,479,856,106953
2024,16,1,478,814,107767
2024,16,1,477,803,108570
2024,16,1,476,814,109384
2024,16,1,475,845,110229
2024,16,1,474,852,111081
2024,16,1,473,796,111877
2024,16,1,472,783,112660
2024,16,1,471,833,113493
2024,16,1,470,833,114326
2024,16,1,469,748,115074
2024,16,1,468,826,115900
2024,16,1,467,809,116709
2024,16,1,466,850,117559
2024,16,1,465,817,118376
2024,16,1,464,797,119173
2024,16,1,463,782,119955
2024,16,1,462,744,120699
2024,16,1,461,865,121564
2024,16,1,460,791,122355
2024,16,1,459,817,123172
2024,16,1,458,795,123967
2024,16,1,457,753,124720
2024,16,1,456,764,125484
2024,16,1,455,804,126288
2024,16,1,454,780,127068
2024,16,1,453,826,127894
2024,16,1,452,745,128639
2024,16,1,451,785,129424
2024,16,1,450,790,130214
2024,16,1,449,790,131004
2024,16,1,448,782,131786
2024,16,1,447,776,132562
2024,16,1,446,773,133335
2024,16,1,445,782,134117
2024,16,1,444,773,134890
2024,16,1,443,752,135642
2024,16,1,442,794,136436
2024,16,1,441,797,137233
2024,16,1,440,750,137983
2024,16,1,439,753,138736
2024,16,1,438,771,139507
2024,16,1,437,733,140240
2024,16,1,436,760,141000
2024,16,1,435,767,141767
2024,16,1,434,749,142516
2024,16,1,433,731,143247
2024,16,1,432,734,143981
2024,16,1,431,724,144705
2024,16,1,430,742,145447
2024,16,1,429,732,146179
2024,16,1,428,767,146946
2024,16,1,427,748,147694
2024,16,1,426,735,148429
2024,16,1,425,744,149173
2024,16,1,424,705,149878
2024,16,1,423,703,150581
2024,16,1,422,719,151300
2024,16,1,421,740,152040
2024,16,1,420,663,152703
2024,16,1,419,687,153390
2024,16,1,418,725,154115
2024,16,1,417,668,154783
2024,16,1,416,676,155459
2024,16,1,415,719,156178
2024,16,1,414,663,156841
2024,16,1,413,637,157478
2024,16,1,412,724,158202
2024,16,1,411,683,158885
2024,16,1,410,652,159537
2024,16,1,409,684,160221
2024,16,1,408,671,160892
2024,16,1,407,653,161545
2024,16,1,406,677,162222
2024,16,1,405,729,162951
2024,16,1,404,681,163632
2024,16,1,403,675,164307
2024,16,1,402,637,164944
2024,16,1,401,652,165596
2024,16,1,400,682,166278
2024,16,1,399,692,166970
2024,16,1,398,671,167641
2024,16,1,397,656,168297
2024,16,1,396,652,168949
2024,16,1,395,647,169596
2024,16,1,394,611,170207
2024,16,1,393,634,170841
2024,16,1,392,628,171469
2024,16,1,391,640,172109
2024,16,1,390,641,172750
2024,16,1,389,670,173420
2024,16,1,388,667,174087
2024,16,1,387,581,174668
2024,16,1,386,624,175292
2024,16,1,385,632,175924
2024,16,1,384,615,176539
2024,16,1,383,641,177180
2024,16,1,382,597,177777
2024,16,1,381,634,178411
2024,16,1,380,634,179045
2024,16,1,379,645,179690
2024,16,1,378,642,180332
2024,16,1,377,633,180965
2024,16,1,376,630,181595
2024,16,1,375,580,182175
2024,16,1,374,593,182768
2024,16,1,373,622,183390
2024,16,1,372,605,183995
2024,16,1,371,563,184558
2024,16,1,370,587,185145
2024,16,1,369,600,185745
2024,16,1,368,632,186377
2024,16,1,367,582,186959
2024,16,1,366,580,187539
2024,16,1,365,563,188102
2024,16,1,364,548,188650
2024,16,1,363,567,189217
2024,16,1,362,595,189812
2024,16,1,361,553,190365
2024,16,1,360,546,190911
2024,16,1,359,596,191507
2024,16,1,358,608,192115
2024,16,1,357,541,192656
2024,16,1,356,543,193199
2024,16,1,355,596,193795
2024,16,1,354,532,194327
2024,16,1,353,559,194886
2024,16,1,352,562,195448
2024,16,1,351,566,196014
2024,16,1,350,579,196593
2024,16,1,349,551,197144
2024,16,1,348,569,197713
2024,16,1,347,567,198280
2024,16,1,346,574,198854
2024,16,1,345,602,199456
2024,16,1,344,507,199963
2024,16,1,343,535,200498
2024,16,1,342,567,201065
2024,16,1,341,582,201647
2024,16,1,340,536,202183
2024,16,1,339,541,202724
2024,16,1,338,556,203280
2024,16,1,337,473,203753
2024,16,1,336,533,204286
2024,16,1,335,520,204806
2024,16,1,334,517,205323
2024,16,1,333,529,205852
2024,16,1,332,538,206390
2024,16,1,331,534,206924
2024,16,1,330,502,207426
2024,16,1,329,482,207908
2024,16,1,328,464,208372
2024,16,1,327,517,208889
2024,16,1,326,510,209399
2024,16,1,325,519,209918
2024,16,1,324,500,210418
2024,16,1,323,510,210928
2024,16,1,322,485,211413
2024,16,1,321,486,211899
2024,16,1,320,473,212372
2024,16,1,319,515,212887
2024,16,1,318,493,213380
2024,16,1,317,491,213871
2024,16,1,316,477,214348
2024,16,1,315,478,214826
2024,16,1,314,468,215294
2024,16,1,313,487,215781
2024,16,1,312,465,216246
2024,16,1,311,452,216698
2024,16,1,310,477,217175
2024,16,1,309,474,217649
2024,16,1,308,442,218091
2024,16,1,307,457,218548
2024,16,1,306,451,218999
2024,16,1,305,467,219466
2024,16,1,304,482,219948
2024,16,1,303,458,220406
2024,16,1,302,442,220848
2024,16,1,301,414,221262
2024,16,1,300,442,221704
2024,17,1,692,8,57
2024,17,1,691,13,70
2024,17,1,690,4,74
2024,17,1,689,9,83
2024,17,1,688,17,100
2024,17,1,687,17,117
2024,17,1,686,18,135
2024,17,1,685,26,161
2024,17,1,684,16,177
2024,17,1,683,18,195
2024,17,1,682,18,213
2024,17,1,681,33,246
2024,17,1,680,31,277
2024,17,1,679,29,306
2024,17,1,678,37,343
2024,17,1,677,33,376
2024,17,1,676,36,412
2024,17,1,675,34,446
2024,17,1,674,29,475
2024,17,1,673,40,515
2024,17,1,672,43,558
2024,17,1,671,52,610
2024,17,1,670,59,669
2024,17,1,669,39,708
2024,17,1,668,59,767
2024,17,1,667,63,830
2024,17,1,666,57,887
2024,17,1,665,59,946
2024,17,1,664,60,1006
2024,17,1,663,81,1087
2024,17,1,662,57,1144
2024,17,1,661,89,1233
2024,17,1,660,89,1322
2024,17,1,659,89,1411
2024,17,1,658,83,1494
2024,17,1,657,77,1571
2024,17,1,656,88,1659
2024,17,1,655,91,1750
2024,17,1,654,98,1848
2024,17,1,653,110,1958
2024,17,1,652,120,2078
2024,17,1,651,106,2184
2024,17,1,650,100,2284
2024,17,1,649,124,2408
2024,17,1,648,103,2511
2024,17,1,647,99,2610
2024,17,1,646,120,2730
2024,17,1,645,132,2862
2024,17,1,644,118,2980
2024,17,1,643,146,3126
2024,17,1,642,156,3282
2024,17,1,641,157,3439
2024,17,1,640,138,3577
2024,17,1,639,155,3732
2024,17,1,638,180,3912
2024,17,1,637,166,4078
2024,17,1,636,167,4245
2024,17,1,635,191,4436
2024,17,1,634,182,4618
2024,17,1,633,167,4785
2024,17,1,632,207,4992
2024,17,1,631,222,5214
2024,17,1,630,203,5417
2024,17,1,629,220,5637
2024,17,1,628,215,5852
2024,17,1,627,222,6074
2024,17,1,626,240,6314
2024,17,1,625,242,6556
2024,17,1,624,242,6798
2024,17,1,623,240,7038
2024,17,1,622,237,7275
2024,17,1,621,238,7513
2024,17,1,620,270,7783
2024,17,1,619,258,8041
2024,17,1,618,259,8300
2024,17,1,617,276,8576
2024,17,1,616,314,8890
2024,17,1,615,283,9173
2024,17,1,614,305,9478
2024,17,1,613,322,9800
2024,17,1,612,269,10069
2024,17,1,611,313,10382
2024,17,1,610,320,10702
2024,17,1,609,335,11037
2024,17,1,608,338,11375
2024,17,1,607,332,11707
2024,17,1,606,346,12053
2024,17,1,605,373,12426
2024,17,1,604,362,12788
2024,17,1,603,341,13129
2024,17,1,602,320,13449
2024,17,1,601,372,13821
2024,17,1,600,375,14196
2024,17,1,599,390,14586
2024,17,1,598,406,14992
2024,17,1,597,391,15383
2024,17,1,596,412,15795
2024,17,1,595,408,16203
2024,17,1,594,385,16588
2024,17,1,593,390,16978
2024,17,1,592,420,17398
2024,17,1,591,428,17826
2024,17,1,590,453,18279
2024,17,1,589,426,18705
2024,17,1,588,459,19164
2024,17,1,587,447,19611
2024,17,1,586,449,20060
2024,17,1,585,483,20543
2024,17,1,584,466,21009
2024,17,1,583,506,21515
2024,17,1,582,497,22012
2024,17,1,581,504,22516
2024,17,1,580,545,23061
2024,17,1,579,523,23584
2024,17,1,578,540,24124
2024,17,1,577,528,24652
2024,17,1,576,486,25138
2024,17,1,575,543,25681
2024,17,1,574,533,26214
2024,17,1,573,517,26731
2024,17,1,572,549,27280
2024,17,1,571,575,27855
2024,17,1,570,553,28408
2024,17,1,569,596,29004
2024,17,1,568,579,29583
2024,17,1,567,573,30156
2024,17,1,566,582,30738
2024,17,1,565,574,31312
2024,17,1,564,632,31944
2024,17,1,563,676,32620
2024,17,1,562,616,33236
2024,17,1,561,644,33880
2024,17,1,560,653,34533
2024,17,1,559,622,35155
2024,17,1,558,643,35798
2024,17,1,557,648,36446
2024,17,1,556,673,37119
2024,17,1,555,692,37811
2024,17,1,554,682,38493
2024,17,1,553,650,39143
2024,17,1,552,732,39875
2024,17,1,551,707,40582
2024,17,1,550,703,41285
2024,17,1,549,723,42008
2024,17,1,548,741,42749
2024,17,1,547,737,43486
2024,17,1,546,763,44249
2024,17,1,545,749,44998
2024,17,1,544,815,45813
2024,17,1,543,772,46585
2024,17,1,542,782,47367
2024,17,1,541,747,48114
2024,17,1,540,811,48925
2024,17,1,539,821,49746
2024,17,1,538,816,50562
2024,17,1,537,802,51364
2024,17,1,536,863,52227
2024,17,1,535,859,53086
2024,17,1,534,895,53981
2024,17,1,533,861,54842
2024,17,1,532,855,55697
2024,17,1,531,876,56573
2024,17,1,530,918,57491
2024,17,1,529,926,58417
2024,17,1,528,896,59313
2024,17,1,527,887,60200
2024,17,1,526,897,61097
2024,17,1,525,961,62058
2024,17,1,524,975,63033
2024,17,1,523,956,63989
2024,17,1,522,982,64971
2024,17,1,521,982,65953
2024,17,1,520,973,66926
2024,17,1,519,1046,67972
2024,17,1,518,1008,68980
2024,17,1,517,962,69942
2024,17,1,516,1023,70965
2024,17,1,515,1070,72035
2024,17,1,514,1033,73068
2024,17,1,513,1057,74125
2024,17,1,512,1045,75170
2024,17,1,511,1095,76265
2024,17,1,510,996,77261
2024,17,1,509,1079,78340
2024,17,1,508,1089,79429
2024,17,1,507,1100,80529
2024,17,1,506,1069,81598
2024,17,1,505,1106,82704
2024,17,1,504,1131,83835
2024,17,1,503,1068,84903
2024,17,1,502,1174,86077
2024,17,1,501,1147,87224
2024,17,1,500,1120,88344
2024,17,1,499,1140,89484
2024,17,1,498,1164,90648
2024,17,1,497,1172,91820
2024,17,1,496,1227,93047
2024,17,1,495,1193,94240
2024,17,1,494,1187,95427
2024,17,1,493,1214,96641
2024,17,1,492,1167,97808
2024,17,1,491,1195,99003
2024,17,1,490,1258,100261
2024,17,1,489,1217,101478
2024,17,1,488,1231,102709
2024,17,1,487,1313,104022
2024,17,1,486,1261,105283
2024,17,1,485,1281,106564
2024,17,1,484,1273,107837
2024,17,1,483,1222,109059
2024,17,1,482,1299,110358
2024,17,1,481,1262,111620
2024,17,1,480,1328,112948
2024,17,1,479,1348,114296
2024,17,1,478,1266,115562
2024,17,1,477,1243,116805
2024,17,1,476,1367,118172
2024,17,1,475,1366,119538
2024,17,1,474,1251,120789
2024,17,1,473,1308,122097
2024,17,1,472,1343,123440
2024,17,1,471,1299,124739
2024,17,1,470,1384,126123
2024,17,1,469,1384,127507
2024,17,1,468,1281,128788
2024,17,1,467,1295,130083
2024,17,1,466,1400,131483
2024,17,1,465,1366,132849
2024,17,1,464,1328,134177
2024,17,1,463,1374,135551
2024,17,1,462,1355,136906
2024,17,1,461,1421,138327
2024,17,1,460,1352,139679
2024,17,1,459,1379,141058
2024,17,1,458,1361,142419
2024,17,1,457,1363,143782
2024,17,1,456,1373,145155
2024,17,1,455,1400,146555
2024,17,1,454,1372,147927
2024,17,1,453,1313,149240
2024,17,1,452,1339,150579
2024,17,1,451,1340,151919
2024,17,1,450,1370,153289
2024,17,1,449,1335,154624
2024,17,1,448,1323,155947
2024,17,1,447,1342,157289
2024,17,1,446,1335,158624
2024,17,1,445,1322,159946
2024,17,1,444,1305,161251
2024,17,1,443,1346,162597
2024,17,1,442,1334,163931
2024,17,1,441,1360,165291
2024,17,1,440,1390,166681
2024,17,1,439,1301,167982
2024,17,1,438,1369,169351
2024,17,1,437,1308,170659
2024,17,1,436,1275,171934
2024,17,1,435,1291,173225
2024,17,1,434,1345,174570
2024,17,1,433,1294,175864
2024,17,1,432,1326,177190
2024,17,1,431,1305,178495
2024,17,1,430,1276,179771
2024,17,1,429,1332,181103
2024,17,1,428,1229,182332
2024,17,1,427,1284,183616
2024,17,1,426,1340,184956
2024,17,1,425,1267,186223
2024,17,1,424,1236,187459
2024,17,1,423,1257,188716
2024,17,1,422,1250,189966
2024,17,1,421,1184,191150
2024,17,1,420,1232,192382
2024,17,1,419,1277,193659
2024,17,1,418,1259,194918
2024,17,1,417,1202,196120
2024,17,1,416,1164,197284
2024,17,1,415,1165,198449
2024,17,1,414,1172,199621
2024,17,1,413,1209,200830
2024,17,1,412,1159,201989
2024,17,1,411,1167,203156
2024,17,1,410,1146,204302
2024,17,1,409,1171,205473
2024,17,1,408,1137,206610
2024,17,1,407,1170,207780
2024,17,1,406,1114,208894
2024,17,1,405,1121,210015
2024,17,1,404,1116,211131
2024,17,1,403,1123,212254
2024,17,1,402,1036,213290
2024,17,1,401,1113,214403
2024,17,1,400,1037,215440
2024,17,1,399,1111,216551
2024,17,1,398,1025,217576
2024,17,1,397,1024,218600
2024,17,1,396,1000,219600
2024,17,1,395,1044,220644
2024,17,1,394,1044,221688
2024,17,1,393,1038,222726
2024,17,1,392,988,223714
2024,17,1,391,1038,224752
2024,17,1,390,1012,225764
2024,17,1,389,952,226716
2024,17,1,388,988,227704
2024,17,1,387,985,228689
2024,17,1,386,974,229663
2024,17,1,385,977,230640
2024,17,1,384,977,231617
2024,17,1,383,927,232544
2024,17,1,382,959,233503
2024,17,1,381,944,234447
2024,17,1,380,899,235346
2024,17,1,379,942,236288
2024,17,1,378,937,237225
2024,17,1,377,923,238148
2024,17,1,376,887,239035
2024,17,1,375,858,239893
2024,17,1,374,894,240787
2024,17,1,373,882,241669
2024,17,1,372,925,242594
2024,17,1,371,856,243450
2024,17,1,370,852,244302
2024,17,1,369,806,245108
2024,17,1,368,832,245940
2024,17,1,367,856,246796
2024,17,1,366,838,247634
2024,17,1,365,871,248505
2024,17,1,364,803,249308
2024,17,1,363,877,250185
2024,17,1,362,797,250982
2024,17,1,361,755,251737
2024,17,1,360,784,252521
2024,17,1,359,786,253307
2024,17,1,358,799,254106
2024,17,1,357,851,254957
2024,17,1,356,780,255737
2024,17,1,355,735,256472
2024,17,1,354,747,257219
2024,17,1,353,735,257954
2024,17,1,352,736,258690
2024,17,1,351,721,259411
2024,17,1,350,701,260112
2024,17,1,349,763,260875
2024,17,1,348,697,261572
2024,17,1,347,716,262288
2024,17,1,346,723,263011
2024,17,1,345,762,263773
2024,17,1,344,701,264474
2024,17,1,343,693,265167
2024,17,1,342,648,265815
2024,17,1,341,645,266460
2024,17,1,340,692,267152
2024,17,1,339,631,267783
2024,17,1,338,655,268438
2024,17,1,337,669,269107
2024,17,1,336,627,269734
2024,17,1,335,620,270354
2024,17,1,334,597,270951
2024,17,1,333,621,271572
2024,17,1,332,602,272174
2024,17,1,331,589,272763
2024,17,1,330,603,273366
2024,17,1,329,597,273963
2024,17,1,328,559,274522
2024,17,1,327,569,275091
2024,17,1,326,574,275665
2024,17,1,325,612,276277
2024,17,1,324,582,276859
2024,17,1,323,537,277396
2024,17,1,322,575,277971
2024,17,1,321,532,278503
2024,17,1,320,529,279032
2024,17,1,319,572,279604
2024,17,1,318,530,280134
2024,17,1,317,496,280630
2024,17,1,316,519,281149
2024,17,1,315,509,281658
2024,17,1,314,544,282202
2024,17,1,313,521,282723
2024,17,1,312,498,283221
2024,17,1,311,460,283681
2024,17,1,310,480,284161
2024,17,1,309,498,284659
2024,17,1,308,488,285147
2024,17,1,307,521,285668
2024,17,1,306,455,286123
2024,17,1,305,469,286592
2024,17,1,304,507,287099
2024,17,1,303,443,287542
2024,17,1,302,452,287994
2024,17,1,301,447,288441
2024,17,1,300,453,288894
2024,24,2,652,35,35
2024,24,2,651,2,37
2024,24,2,650,5,42
2024,24,2,649,1,43
2024,24,2,648,4,47
2024,24,2,647,7,54
2024,24,2,646,10,64
2024,24,2,645,6,70
2024,24,2,644,3,73
2024,24,2,643,11,84
2024,24,2,642,3,87
2024,24,2,641,6,93
2024,24,2,640,6,99
2024,24,2,639,6,105
2024,24,2,638,7,112
2024,24,2,637,10,122
2024,24,2,636,16,138
2024,24,2,635,9,147
2024,24,2,634,7,154
2024,24,2,633,7,161
2024,24,2,632,12,173
2024,24,2,631,7,180
2024,24,2,630,5,185
2024,24,2,629,8,193
2024,24,2,628,19,212
2024,24,2,627,19,231
2024,24,2,626,12,243
2024,24,2,625,10,253
2024,24,2,624,15,268
2024,24,2,623,17,285
2024,24,2,622,16,301
2024,24,2,621,15,316
2024,24,2,620,16,332
2024,24,2,619,20,352
2024,24,2,618,15,367
2024,24,2,617,20,387
2024,24,2,616,18,405
2024,24,2,615,27,432
2024,24,2,614,14,446
2024,24,2,613,19,465
2024,24,2,612,23,488
2024,24,2,611,20,508
2024,24,2,610,22,530
2024,24,2,609,21,551
2024,24,2,608,22,573
2024,24,2,607,18,591
2024,24,2,606,26,617
2024,24,2,605,26,643
2024,24,2,604,21,664
2024,24,2,603,33,697
2024,24,2,602,21,718
2024,24,2,601,22,740
2024,24,2,600,26,766
2024,24,2,599,26,792
2024,24,2,598,29,821
2024,24,2,597,31,852
2024,24,2,596,26,878
2024,24,2,595,21,899
2024,24,2,594,32,931
2024,24,2,593,26,957
2024,24,2,592,30,987
2024,24,2,591,37,1024
2024,24,2,590,31,1055
2024,24,2,589,44,1099
2024,24,2,588,32,1131
2024,24,2,587,42,1173
2024,24,2,586,46,1219
2024,24,2,585,35,1254
2024,24,2,584,55,1309
2024,24,2,583,46,1355
2024,24,2,582,36,1391
2024,24,2,581,50,1441
2024,24,2,580,44,1485
2024,24,2,579,34,1519
2024,24,2,578,42,1561
2024,24,2,577,42,1603
2024,24,2,576,52,1655
2024,24,2,575,45,1700
2024,24,2,574,53,1753
2024,24,2,573,45,1798
2024,24,2,572,41,1839
2024,24,2,571,65,1904
2024,24,2,570,55,1959
2024,24,2,569,51,2010
2024,24,2,568,68,2078
2024,24,2,567,65,2143
2024,24,2,566,49,2192
2024,24,2,565,46,2238
2024,24,2,564,70,2308
2024,24,2,563,74,2382
2024,24,2,562,59,2441
2024,24,2,561,63,2504
2024,24,2,560,55,2559
2024,24,2,559,64,2623
2024,24,2,558,58,2681
2024,24,2,557,75,2756
2024,24,2,556,66,2822
2024,24,2,555,75,2897
2024,24,2,554,68,2965
2024,24,2,553,79,3044
2024,24,2,552,77,3121
2024,24,2,551,61,3182
2024,24,2,550,75,3257
2024,24,2,549,73,3330
2024,24,2,548,90,3420
2024,24,2,547,84,3504
2024,24,2,546,73,3577
2024,24,2,545,83,3660
2024,24,2,544,84,3744
2024,24,2,543,84,3828
2024,24,2,542,106,3934
2024,24,2,541,86,4020
2024,24,2,540,80,4100
2024,24,2,539,97,4197
2024,24,2,538,89,4286
2024,24,2,537,89,4375
2024,24,2,536,99,4474
2024,24,2,535,105,4579
2024,24,2,534,116,4695
2024,24,2,533,96,4791
2024,24,2,532,99,4890
2024,24,2,531,95,4985
2024,24,2,530,110,5095
2024,24,2,529,104,5199
2024,24,2,528,107,5306
2024,24,2,527,110,5416
2024,24,2,526,127,5543
2024,24,2,525,103,5646
2024,24,2,524,124,5770
2024,24,2,523,90,5860
2024,24,2,522,140,6000
2024,24,2,521,117,6117
2024,24,2,520,112,6229
2024,24,2,519,124,6353
2024,24,2,518,123,6476
2024,24,2,517,120,6596
2024,24,2,516,113,6709
2024,24,2,515,118,6827
2024,24,2,514,145,6972
2024,24,2,513,129,7101
2024,24,2,512,108,7209
2024,24,2,511,154,7363
2024,24,2,510,125,7488
2024,24,2,509,120,7608
2024,24,2,508,136,7744
2024,24,2,507,143,7887
2024,24,2,506,143,8030
2024,24,2,505,130,8160
2024,24,2,504,151,8311
2024,24,2,503,137,8448
2024,24,2,502,158,8606
2024,24,2,501,136,8742
2024,24,2,500,163,8905
2024,24,2,499,169,9074
2024,24,2,498,125,9199
2024,24,2,497,151,9350
2024,24,2,496,154,9504
2024,24,2,495,153,9657
2024,24,2,494,161,9818
2024,24,2,493,125,9943
2024,24,2,492,164,10107
2024,24,2,491,161,10268
2024,24,2,490,154,10422
2024,24,2,489,180,10602
2024,24,2,488,173,10775
2024,24,2,487,176,10951
2024,24,2,486,171,11122
2024,24,2,485,165,11287
2024,24,2,484,163,11450
2024,24,2,483,158,11608
2024,24,2,482,175,11783
2024,24,2,481,152,11935
2024,24,2,480,182,12117
2024,24,2,479,177,12294
2024,24,2,478,167,12461
2024,24,2,477,175,12636
2024,24,2,476,211,12847
2024,24,2,475,187,13034
2024,24,2,474,177,13211
2024,24,2,473,161,13372
2024,24,2,472,152,13524
2024,24,2,471,173,13697
2024,24,2,470,166,13863
2024,24,2,469,179,14042
2024,24,2,468,179,14221
2024,24,2,467,202,14423
2024,24,2,466,185,14608
2024,24,2,465,175,14783
2024,24,2,464,179,14962
2024,24,2,463,166,15128
2024,24,2,462,185,15313
2024,24,2,461,173,15486
2024,24,2,460,166,15652
2024,24,2,459,180,15832
2024,24,2,458,185,16017
2024,24,2,457,176,16193
2024,24,2,456,183,16376
2024,24,2,455,199,16575
2024,24,2,454,177,16752
2024,24,2,453,203,16955
2024,24,2,452,179,17134
2024,24,2,451,167,17301
2024,24,2,450,234,17535
2024,24,2,449,176,17711
2024,24,2,448,198,17909
2024,24,2,447,210,18119
2024,24,2,446,202,18321
2024,24,2,445,204,18525
2024,24,2,444,177,18702
2024,24,2,443,218,18920
2024,24,2,442,215,19135
2024,24,2,441,202,19337
2024,24,2,440,190,19527
2024,24,2,439,218,19745
2024,24,2,438,202,19947
2024,24,2,437,238,20185
2024,24,2,436,222,20407
2024,24,2,435,216,20623
2024,24,2,434,225,20848
2024,24,2,433,212,21060
2024,24,2,432,215,21275
2024,24,2,431,222,21497
2024,24,2,430,229,21726
2024,24,2,429,215,21941
2024,24,2,428,229,22170
2024,24,2,427,212,22382
2024,24,2,426,242,22624
2024,24,2,425,244,22868
2024,24,2,424,198,23066
2024,24,2,423,239,23305
2024,24,2,422,235,23540
2024,24,2,421,233,23773
2024,24,2,420,229,24002
2024,24,2,419,206,24208
2024,24,2,418,220,24428
2024,24,2,417,225,24653
2024,24,2,416,238,24891
2024,24,2,415,210,25101
2024,24,2,414,227,25328
2024,24,2,413,218,25546
2024,24,2,412,222,25768
2024,24,2,411,242,26010
2024,24,2,410,210,26220
2024,24,2,409,221,26441
2024,24,2,408,215,26656
2024,24,2,407,255,26911
2024,24,2,406,233,27144
2024,24,2,405,238,27382
2024,24,2,404,239,27621
2024,24,2,403,241,27862
2024,24,2,402,248,28110
2024,24,2,401,239,28349
2024,24,2,400,234,28583
2024,24,2,399,247,28830
2024,24,2,398,236,29066
2024,24,2,397,249,29315
2024,24,2,396,249,29564
2024,24,2,395,241,29805
2024,24,2,394,236,30041
2024,24,2,393,256,30297
2024,24,2,392,258,30555
2024,24,2,391,229,30784
2024,24,2,390,246,31030
2024,24,2,389,229,31259
2024,24,2,388,221,31480
2024,24,2,387,260,31740
2024,24,2,386,273,32013
2024,24,2,385,241,32254
2024,24,2,384,279,32533
2024,24,2,383,250,32783
2024,24,2,382,251,33034
2024,24,2,381,268,33302
2024,24,2,380,284,33586
2024,24,2,379,245,33831
2024,24,2,378,230,34061
2024,24,2,377,265,34326
2024,24,2,376,293,34619
2024,24,2,375,270,34889
2024,24,2,374,272,35161
2024,24,2,373,260,35421
2024,24,2,372,293,35714
2024,24,2,371,245,35959
2024,24,2,370,301,36260
2024,24,2,369,270,36530
2024,24,2,368,259,36789
2024,24,2,367,257,37046
2024,24,2,366,253,37299
2024,24,2,365,267,37566
2024,24,2,364,265,37831
2024,24,2,363,290,38121
2024,24,2,362,272,38393
2024,24,2,361,285,38678
2024,24,2,360,268,38946
2024,24,2,359,272,39218
2024,24,2,358,258,39476
2024,24,2,357,275,39751
2024,24,2,356,270,40021
2024,24,2,355,263,40284
2024,24,2,354,279,40563
2024,24,2,353,311,40874
2024,24,2,352,292,41166
2024,24,2,351,258,41424
2024,24,2,350,297,41721
2024,24,2,349,262,41983
2024,24,2,348,272,42255
2024,24,2,347,242,42497
2024,24,2,346,240,42737
2024,24,2,345,256,42993
2024,24,2,344,237,43230
2024,24,2,343,261,43491
2024,24,2,342,263,43754
2024,24,2,341,249,44003
2024,24,2,340,260,44263
2024,24,2,339,259,44522
2024,24,2,338,253,44775
2024,24,2,337,288,45063
2024,24,2,336,253,45316
2024,24,2,335,294,45610
2024,24,2,334,265,45875
2024,24,2,333,246,46121
2024,24,2,332,233,46354
2024,24,2,331,228,46582
2024,24,2,330,265,46847
2024,24,2,329,256,47103
2024,24,2,328,250,47353
2024,24,2,327,232,47585
2024,24,2,326,251,47836
2024,24,2,325,245,48081
2024,24,2,324,241,48322
2024,24,2,323,220,48542
2024,24,2,322,222,48764
2024,24,2,321,212,48976
2024,24,2,320,214,49190
2024,24,2,319,216,49406
2024,24,2,318,208,49614
2024,24,2,317,236,49850
2024,24,2,316,196,50046
2024,24,2,315,203,50249
2024,24,2,314,208,50457
2024,24,2,313,204,50661
2024,24,2,312,186,50847
2024,24,2,311,194,51041
2024,24,2,310,168,51209
2024,24,2,309,201,51410
2024,24,2,308,198,51608
2024,24,2,307,193,51801
2024,24,2,306,182,51983
2024,24,2,305,179,52162
2024,24,2,304,184,52346
2024,24,2,303,184,52530
2024,24,2,302,156,52686
2024,24,2,301,145,52831
2024,24,2,300,154,52985
2024,24,2,299,167,53152
2024,24,2,298,135,53287
2024,24,2,297,151,53438
2024,24,2,296,132,53570
2024,24,2,295,156,53726
2024,24,2,294,140,53866
2024,24,2,293,128,53994
2024,24,2,292,126,54120
2024,24,2,291,137,54257
2024,24,2,290,120,54377
2024,24,2,289,139,54516
2024,24,2,288,114,54630
2024,24,2,287,124,54754
2024,24,2,286,136,54890
2024,24,2,285,108,54998
2024,24,2,284,113,55111
2024,24,2,283,117,55228
2024,24,2,282,112,55340
2024,24,2,281,107,55447
2024,24,2,280,125,55572
2024,24,2,279,101,55673
2024,24,2,278,103,55776
2024,24,2,277,98,55874
2024,24,2,276,81,55955
2024,24,2,275,95,56050
2024,24,2,274,96,56146
2024,24,2,273,88,56234
2024,24,2,272,80,56314
2024,24,2,271,82,56396
2024,24,2,270,94,56490
2024,24,2,269,70,56560
2024,24,2,268,95,56655
2024,24,2,267,70,56725
2024,24,2,266,77,56802
2024,24,2,265,92,56894
2024,24,2,264,73,56967
2024,24,2,263,80,57047
2024,24,2,262,71,57118
2024,24,2,261,82,57200
2024,24,2,260,63,57263
2024,24,2,259,71,57334
2024,24,2,258,65,57399
2024,24,2,257,57,57456
2024,24,2,256,62,57518
2024,24,2,255,59,57577
2024,24,2,254,47,57624
2024,24,2,253,55,57679
2024,24,2,252,52,57731
2024,24,2,251,51,57782
2024,24,2,250,50,57832
2024,24,2,249,43,57875
2024,24,2,248,37,57912
2024,24,2,247,43,57955
2024,24,2,246,48,58003
2024,24,2,245,54,58057
2024,24,2,244,31,58088
2024,24,2,243,39,58127
2024,24,2,242,40,58167
2024,24,2,241,37,58204
2024,24,2,240,29,58233
2024,24,2,239,51,58284
2024,24,2,238,22,58306
2024,24,2,237,19,58325
2024,24,2,236,39,58364
2024,24,2,235,35,58399
2024,24,2,234,32,58431
2024,24,2,233,30,58461
2024,24,2,232,35,58496
2024,24,2,231,28,58524
2024,24,2,230,21,58545
2024,24,2,229,31,58576
2024,24,2,228,27,58603
2024,24,2,227,25,58628
2024,24,2,226,34,58662
2024,24,2,225,24,58686
2024,24,2,224,36,58722
2024,24,2,223,23,58745
2024,24,2,222,24,58769
2024,24,2,221,25,58794
2024,24,2,220,16,58810
2024,24,2,219,27,58837
2024,24,2,218,29,58866
2024,24,2,217,20,58886
2024,24,2,216,21,58907
2024,24,2,215,22,58929
2024,24,2,214,15,58944
2024,24,2,213,15,58959
2024,24,2,212,21,58980
2024,24,2,211,8,58988
2024,24,2,210,12,59000
2024,24,2,209,13,59013
2024,24,2,208,24,59037
2024,24,2,207,14,59051
2024,24,2,206,14,59065
2024,24,2,205,16,59081
2024,24,2,204,10,59091
2024,24,2,203,18,59109
2024,24,2,202,7,59116
2024,24,2,201,8,59124
2024,24,2,200,13,59137
2024,24,1,682,35,35
2024,24,1,681,6,41
2024,24,1,680,5,46
2024,24,1,679,8,54
2024,24,1,678,9,63
2024,24,1,677,5,68
2024,24,1,676,13,81
2024,24,1,675,7,88
2024,24,1,674,11,99
2024,24,1,673,10,109
2024,24,1,672,10,119
2024,24,1,671,10,129
2024,24,1,670,18,147
2024,24,1,669,15,162
2024,24,1,668,15,177
2024,24,1,667,22,199
2024,24,1,666,21,220
2024,24,1,665,30,250
2024,24,1,664,19,269
2024,24,1,663,23,292
2024,24,1,662,25,317
2024,24,1,661,24,341
2024,24,1,660,29,370
2024,24,1,659,23,393
2024,24,1,658,24,417
2024,24,1,657,22,439
2024,24,1,656,22,461
2024,24,1,655,24,485
2024,24,1,654,44,529
2024,24,1,653,39,568
2024,24,1,652,39,607
2024,24,1,651,36,643
2024,24,1,650,33,676
2024,24,1,649,36,712
2024,24,1,648,37,749
2024,24,1,647,43,792
2024,24,1,646,28,820
2024,24,1,645,48,868
2024,24,1,644,49,917
2024,24,1,643,54,971
2024,24,1,642,46,1017
2024,24,1,641,47,1064
2024,24,1,640,48,1112
2024,24,1,639,50,1162
2024,24,1,638,56,1218
2024,24,1,637,70,1288
2024,24,1,636,71,1359
2024,24,1,635,71,1430
2024,24,1,634,69,1499
2024,24,1,633,79,1578
2024,24,1,632,74,1652
2024,24,1,631,90,1742
2024,24,1,630,78,1820
2024,24,1,629,68,1888
2024,24,1,628,63,1951
2024,24,1,627,91,2042
2024,24,1,626,92,2134
2024,24,1,625,78,2212
2024,24,1,624,84,2296
2024,24,1,623,98,2394
2024,24,1,622,99,2493
2024,24,1,621,97,2590
2024,24,1,620,103,2693
2024,24,1,619,89,2782
2024,24,1,618,121,2903
2024,24,1,617,120,3023
2024,24,1,616,100,3123
2024,24,1,615,103,3226
2024,24,1,614,104,3330
2024,24,1,613,121,3451
2024,24,1,612,128,3579
2024,24,1,611,120,3699
2024,24,1,610,108,3807
2024,24,1,609,132,3939
2024,24,1,608,136,4075
2024,24,1,607,119,4194
2024,24,1,606,128,4322
2024,24,1,605,126,4448
2024,24,1,604,140,4588
2024,24,1,603,120,4708
2024,24,1,602,130,4838
2024,24,1,601,128,4966
2024,24,1,600,129,5095
2024,24,1,599,171,5266
2024,24,1,598,177,5443
2024,24,1,597,163,5606
2024,24,1,596,162,5768
2024,24,1,595,167,5935
2024,24,1,594,145,6080
2024,24,1,593,160,6240
2024,24,1,592,168,6408
2024,24,1,591,172,6580
2024,24,1,590,185,6765
2024,24,1,589,185,6950
2024,24,1,588,170,7120
2024,24,1,587,185,7305
2024,24,1,586,161,7466
2024,24,1,585,180,7646
2024,24,1,584,177,7823
2024,24,1,583,200,8023
2024,24,1,582,207,8230
2024,24,1,581,185,8415
2024,24,1,580,200,8615
2024,24,1,579,205,8820
2024,24,1,578,177,8997
2024,24,1,577,206,9203
2024,24,1,576,226,9429
2024,24,1,575,211,9640
2024,24,1,574,204,9844
2024,24,1,573,247,10091
2024,24,1,572,220,10311
2024,24,1,571,217,10528
2024,24,1,570,251,10779
2024,24,1,569,235,11014
2024,24,1,568,253,11267
2024,24,1,567,263,11530
2024,24,1,566,234,11764
2024,24,1,565,225,11989
2024,24,1,564,207,12196
2024,24,1,563,246,12442
2024,24,1,562,240,12682
2024,24,1,561,244,12926
2024,24,1,560,246,13172
2024,24,1,559,268,13440
2024,24,1,558,268,13708
2024,24,1,557,258,13966
2024,24,1,556,250,14216
2024,24,1,555,265,14481
2024,24,1,554,277,14758
2024,24,1,553,268,15026
2024,24,1,552,275,15301
2024,24,1,551,263,15564
2024,24,1,550,261,15825
2024,24,1,549,289,16114
2024,24,1,548,305,16419
2024,24,1,547,287,16706
2024,24,1,546,304,17010
2024,24,1,545,291,17301
2024,24,1,544,297,17598
2024,24,1,543,277,17875
2024,24,1,542,289,18164
2024,24,1,541,299,18463
2024,24,1,540,289,18752
2024,24,1,539,327,19079
2024,24,1,538,296,19375
2024,24,1,537,315,19690
2024,24,1,536,312,20002
2024,24,1,535,323,20325
2024,24,1,534,305,20630
2024,24,1,533,320,20950
2024,24,1,532,306,21256
2024,24,1,531,302,21558
2024,24,1,530,336,21894
2024,24,1,529,335,22229
2024,24,1,528,302,22531
2024,24,1,527,347,22878
2024,24,1,526,353,23231
2024,24,1,525,333,23564
2024,24,1,524,345,23909
2024,24,1,523,342,24251
2024,24,1,522,316,24567
2024,24,1,521,363,24930
2024,24,1,520,348,25278
2024,24,1,519,332,25610
2024,24,1,518,396,26006
2024,24,1,517,386,26392
2024,24,1,516,392,26784
2024,24,1,515,337,27121
2024,24,1,514,394,27515
2024,24,1,513,359,27874
2024,24,1,512,368,28242
2024,24,1,511,367,28609
2024,24,1,510,348,28957
2024,24,1,509,371,29328
2024,24,1,508,396,29724
2024,24,1,507,369,30093
2024,24,1,506,386,30479
2024,24,1,505,372,30851
2024,24,1,504,400,31251
2024,24,1,503,370,31621
2024,24,1,502,395,32016
2024,24,1,501,389,32405
2024,24,1,500,400,32805
2024,24,1,499,395,33200
2024,24,1,498,391,33591
2024,24,1,497,393,33984
2024,24,1,496,377,34361
2024,24,1,495,434,34795
2024,24,1,494,394,35189
2024,24,1,493,404,35593
2024,24,1,492,399,35992
2024,24,1,491,430,36422
2024,24,1,490,426,36848
2024,24,1,489,381,37229
2024,24,1,488,413,37642
2024,24,1,487,430,38072
2024,24,1,486,397,38469
2024,24,1,485,437,38906
2024,24,1,484,441,39347
2024,24,1,483,402,39749
2024,24,1,482,399,40148
2024,24,1,481,441,40589
2024,24,1,480,468,41057
2024,24,1,479,445,41502
2024,24,1,478,439,41941
2024,24,1,477,465,42406
2024,24,1,476,430,42836
2024,24,1,475,435,43271
2024,24,1,474,415,43686
2024,24,1,473,448,44134
2024,24,1,472,411,44545
2024,24,1,471,440,44985
2024,24,1,470,435,45420
2024,24,1,469,462,45882
2024,24,1,468,448,46330
2024,24,1,467,434,46764
2024,24,1,466,467,47231
2024,24,1,465,457,47688
2024,24,1,464,409,48097
2024,24,1,463,454,48551
2024,24,1,462,494,49045
2024,24,1,461,483,49528
2024,24,1,460,471,49999
2024,24,1,459,439,50438
2024,24,1,458,422,50860
2024,24,1,457,481,51341
2024,24,1,456,483,51824
2024,24,1,455,451,52275
2024,24,1,454,483,52758
2024,24,1,453,440,53198
2024,24,1,452,491,53689
2024,24,1,451,478,54167
2024,24,1,450,472,54639
2024,24,1,449,482,55121
2024,24,1,448,449,55570
2024,24,1,447,518,56088
2024,24,1,446,501,56589
2024,24,1,445,473,57062
2024,24,1,444,500,57562
2024,24,1,443,469,58031
2024,24,1,442,468,58499
2024,24,1,441,510,59009
2024,24,1,440,503,59512
2024,24,1,439,459,59971
2024,24,1,438,504,60475
2024,24,1,437,487,60962
2024,24,1,436,451,61413
2024,24,1,435,482,61895
2024,24,1,434,481,62376
2024,24,1,433,510,62886
2024,24,1,432,455,63341
2024,24,1,431,439,63780
2024,24,1,430,486,64266
2024,24,1,429,500,64766
2024,24,1,428,489,65255
2024,24,1,427,473,65728
2024,24,1,426,465,66193
2024,24,1,425,456,66649
2024,24,1,424,474,67123
2024,24,1,423,494,67617
2024,24,1,422,498,68115
2024,24,1,421,445,68560
2024,24,1,420,475,69035
2024,24,1,419,488,69523
2024,24,1,418,420,69943
2024,24,1,417,485,70428
2024,24,1,416,428,70856
2024,24,1,415,508,71364
2024,24,1,414,450,71814
2024,24,1,413,438,72252
2024,24,1,412,480,72732
2024,24,1,411,478,73210
2024,24,1,410,434,73644
2024,24,1,409,443,74087
2024,24,1,408,481,74568
2024,24,1,407,460,75028
2024,24,1,406,459,75487
2024,24,1,405,485,75972
2024,24,1,404,428,76400
2024,24,1,403,412,76812
2024,24,1,402,487,77299
2024,24,1,401,444,77743
2024,24,1,400,449,78192
2024,24,1,399,489,78681
2024,24,1,398,447,79128
2024,24,1,397,443,79571
2024,24,1,396,407,79978
2024,24,1,395,429,80407
2024,24,1,394,416,80823
2024,24,1,393,463,81286
2024,24,1,392,451,81737
2024,24,1,391,434,82171
2024,24,1,390,428,82599
2024,24,1,389,468,83067
2024,24,1,388,430,83497
2024,24,1,387,431,83928
2024,24,1,386,375,84303
2024,24,1,385,410,84713
2024,24,1,384,417,85130
2024,24,1,383,391,85521
2024,24,1,382,382,85903
2024,24,1,381,422,86325
2024,24,1,380,442,86767
2024,24,1,379,359,87126
2024,24,1,378,409,87535
2024,24,1,377,415,87950
2024,24,1,376,394,88344
2024,24,1,375,405,88749
2024,24,1,374,401,89150
2024,24,1,373,381,89531
2024,24,1,372,369,89900
2024,24,1,371,364,90264
2024,24,1,370,358,90622
2024,24,1,369,351,90973
2024,24,1,368,326,91299
2024,24,1,367,337,91636
2024,24,1,366,341,91977
2024,24,1,365,346,92323
2024,24,1,364,361,92684
2024,24,1,363,343,93027
2024,24,1,362,337,93364
2024,24,1,361,332,93696
2024,24,1,360,350,94046
2024,24,1,359,325,94371
2024,24,1,358,321,94692
2024,24,1,357,349,95041
2024,24,1,356,329,95370
2024,24,1,355,330,95700
2024,24,1,354,305,96005
2024,24,1,353,319,96324
2024,24,1,352,345,96669
2024,24,1,351,319,96988
2024,24,1,350,306,97294
2024,24,1,349,321,97615
2024,24,1,348,293,97908
2024,24,1,347,282,98190
2024,24,1,346,291,98481
2024,24,1,345,293,98774
2024,24,1,344,281,99055
2024,24,1,343,268,99323
2024,24,1,342,273,99596
2024,24,1,341,311,99907
2024,24,1,340,265,100172
2024,24,1,339,278,100450
2024,24,1,338,307,100757
2024,24,1,337,265,101022
2024,24,1,336,278,101300
2024,24,1,335,275,101575
2024,24,1,334,247,101822
2024,24,1,333,273,102095
2024,24,1,332,249,102344
2024,24,1,331,258,102602
2024,24,1,330,230,102832
2024,24,1,329,245,103077
2024,24,1,328,246,103323
2024,24,1,327,229,103552
2024,24,1,326,219,103771
2024,24,1,325,247,104018
2024,24,1,324,258,104276
2024,24,1,323,243,104519
2024,24,1,322,247,104766
2024,24,1,321,203,104969
2024,24,1,320,214,105183
2024,24,1,319,191,105374
2024,24,1,318,222,105596
2024,24,1,317,175,105771
2024,24,1,316,214,105985
2024,24,1,315,196,106181
2024,24,1,314,205,106386
2024,24,1,313,199,106585
2024,24,1,312,197,106782
2024,24,1,311,183,106965
2024,24,1,310,213,107178
2024,24,1,309,186,107364
2024,24,1,308,168,107532
2024,24,1,307,195,107727
2024,24,1,306,175,107902
2024,24,1,305,182,108084
2024,24,1,304,187,108271
2024,24,1,303,173,108444
2024,24,1,302,173,108617
2024,24,1,301,178,108795
2024,24,1,300,157,108952
2024,24,1,299,175,109127
2024,24,1,298,175,109302
2024,24,1,297,158,109460
2024,24,1,296,128,109588
2024,24,1,295,159,109747
2024,24,1,294,170,109917
2024,24,1,293,132,110049
2024,24,1,292,144,110193
2024,24,1,291,136,110329
2024,24,1,290,141,110470
2024,24,1,289,146,110616
2024,24,1,288,153,110769
2024,24,1,287,127,110896
2024,24,1,286,102,110998
2024,24,1,285,133,111131
2024,24,1,284,108,111239
2024,24,1,283,135,111374
2024,24,1,282,114,111488
2024,24,1,281,106,111594
2024,24,1,280,118,111712
2024,24,1,279,106,111818
2024,24,1,278,122,111940
2024,24,1,277,116,112056
2024,24,1,276,116,112172
2024,24,1,275,94,112266
2024,24,1,274,87,112353
2024,24,1,273,102,112455
2024,24,1,272,113,112568
2024,24,1,271,102,112670
2024,24,1,270,109,112779
2024,24,1,269,92,112871
2024,24,1,268,87,112958
2024,24,1,267,91,113049
2024,24,1,266,78,113127
2024,24,1,265,73,113200
2024,24,1,264,80,113280
2024,24,1,263,70,113350
2024,24,1,262,77,113427
2024,24,1,261,71,113498
2024,24,1,260,52,113550
2024,24,1,259,75,113625
2024,24,1,258,64,113689
2024,24,1,257,62,113751
2024,24,1,256,52,113803
2024,24,1,255,64,113867
2024,24,1,254,59,113926
2024,24,1,253,44,113970
2024,24,1,252,48,114018
2024,24,1,251,74,114092
2024,24,1,250,63,114155
2024,24,1,249,45,114200
2024,24,1,248,64,114264
2024,24,1,247,44,114308
2024,24,1,246,53,114361
2024,24,1,245,44,114405
2024,24,1,244,53,114458
2024,24,1,243,54,114512
2024,24,1,242,27,114539
2024,24,1,241,33,114572
2024,24,1,240,36,114608
2024,24,1,239,30,114638
2024,24,1,238,42,114680
2024,24,1,237,48,114728
2024,24,1,236,34,114762
2024,24,1,235,27,114789
2024,24,1,234,32,114821
2024,24,1,233,35,114856
2024,24,1,232,23,114879
2024,24,1,231,30,114909
2024,24,1,230,28,114937
2024,24,1,229,33,114970
2024,24,1,228,24,114994
2024,24,1,227,20,115014
2024,24,1,226,17,115031
2024,24,1,225,23,115054
2024,24,1,224,24,115078
2024,24,1,223,17,115095
2024,24,1,222,23,115118
2024,24,1,221,20,115138
2024,24,1,220,18,115156
2024,24,1,219,15,115171
2024,24,1,218,10,115181
2024,24,1,217,12,115193
2024,24,1,216,19,115212
2024,24,1,215,14,115226
2024,24,1,214,18,115244
2024,24,1,213,8,115252
2024,24,1,212,15,115267
2024,24,1,211,8,115275
2024,24,1,210,12,115287
2024,24,1,209,13,115300
2024,24,1,208,8,115308
2024,24,1,207,12,115320
2024,24,1,206,16,115336
2024,24,1,205,4,115340
2024,24,1,204,15,115355
2024,24,1,203,9,115364
2024,24,1,202,8,115372
2024,24,1,201,5,115377
2024,24,1,200,6,115383
2024,15,2,665,15,15
2024,15,2,664,1,16
2024,15,2,663,2,18
2024,15,2,662,1,19
2024,15,2,661,1,20
2024,15,2,660,1,21
2024,15,2,659,1,22
2024,15,2,658,4,26
2024,15,2,657,1,27
2024,15,2,656,5,32
2024,15,2,655,2,34
2024,15,2,654,4,38
2024,15,2,653,4,42
2024,15,2,651,5,47
2024,15,2,650,6,53
2024,15,2,649,2,55
2024,15,2,648,7,62
2024,15,2,647,3,65
2024,15,2,646,4,69
2024,15,2,645,6,75
2024,15,2,644,9,84
2024,15,2,643,5,89
2024,15,2,642,7,96
2024,15,2,641,6,102
2024,15,2,640,10,112
2024,15,2,639,13,125
2024,15,2,638,13,138
2024,15,2,637,15,153
2024,15,2,636,8,161
2024,15,2,635,21,182
2024,15,2,634,17,199
2024,15,2,633,20,219
2024,15,2,632,14,233
2024,15,2,631,17,250
2024,15,2,630,16,266
2024,15,2,629,22,288
2024,15,2,628,14,302
2024,15,2,627,24,326
2024,15,2,626,28,354
2024,15,2,625,22,376
2024,15,2,624,18,394
2024,15,2,623,21,415
2024,15,2,622,31,446
2024,15,2,621,30,476
2024,15,2,620,27,503
2024,15,2,619,28,531
2024,15,2,618,23,554
2024,15,2,617,30,584
2024,15,2,616,40,624
2024,15,2,615,40,664
2024,15,2,614,31,695
2024,15,2,613,29,724
2024,15,2,612,36,760
2024,15,2,611,41,801
2024,15,2,610,32,833
2024,15,2,609,43,876
2024,15,2,608,50,926
2024,15,2,607,32,958
2024,15,2,606,48,1006
2024,15,2,605,54,1060
2024,15,2,604,36,1096
2024,15,2,603,57,1153
2024,15,2,602,52,1205
2024,15,2,601,57,1262
2024,15,2,600,42,1304
2024,15,2,599,50,1354
2024,15,2,598,51,1405
2024,15,2,597,48,1453
2024,15,2,596,51,1504
2024,15,2,595,57,1561
2024,15,2,594,63,1624
2024,15,2,593,56,1680
2024,15,2,592,59,1739
2024,15,2,591,59,1798
2024,15,2,590,61,1859
2024,15,2,589,62,1921
2024,15,2,588,61,1982
2024,15,2,587,78,2060
2024,15,2,586,69,2129
2024,15,2,585,65,2194
2024,15,2,584,60,2254
2024,15,2,583,94,2348
2024,15,2,582,63,2411
2024,15,2,581,71,2482
2024,15,2,580,79,2561
2024,15,2,579,76,2637
2024,15,2,578,64,2701
2024,15,2,577,66,2767
2024,15,2,576,83,2850
2024,15,2,575,98,2948
2024,15,2,574,83,3031
2024,15,2,573,73,3104
2024,15,2,572,77,3181
2024,15,2,571,89,3270
2024,15,2,570,90,3360
2024,15,2,569,85,3445
2024,15,2,568,93,3538
2024,15,2,567,88,3626
2024,15,2,566,84,3710
2024,15,2,565,78,3788
2024,15,2,564,103,3891
2024,15,2,563,88,3979
2024,15,2,562,98,4077
2024,15,2,561,103,4180
2024,15,2,560,94,4274
2024,15,2,559,111,4385
2024,15,2,558,91,4476
2024,15,2,557,99,4575
2024,15,2,556,112,4687
2024,15,2,555,88,4775
2024,15,2,554,105,4880
2024,15,2,553,90,4970
2024,15,2,552,121,5091
2024,15,2,551,117,5208
2024,15,2,550,124,5332
2024,15,2,549,117,5449
2024,15,2,548,128,5577
2024,15,2,547,103,5680
2024,15,2,546,118,5798
2024,15,2,545,117,5915
2024,15,2,544,124,6039
2024,15,2,543,141,6180
2024,15,2,542,109,6289
2024,15,2,541,110,6399
2024,15,2,540,125,6524
2024,15,2,539,132,6656
2024,15,2,538,122,6778
2024,15,2,537,129,6907
2024,15,2,536,126,7033
2024,15,2,535,117,7150
2024,15,2,534,130,7280
2024,15,2,533,117,7397
2024,15,2,532,146,7543
2024,15,2,531,142,7685
2024,15,2,530,132,7817
2024,15,2,529,150,7967
2024,15,2,528,120,8087
2024,15,2,527,138,8225
2024,15,2,526,138,8363
2024,15,2,525,135,8498
2024,15,2,524,138,8636
2024,15,2,523,134,8770
2024,15,2,522,135,8905
2024,15,2,521,166,9071
2024,15,2,520,160,9231
2024,15,2,519,170,9401
2024,15,2,518,158,9559
2024,15,2,517,157,9716
2024,15,2,516,154,9870
2024,15,2,515,153,10023
2024,15,2,514,149,10172
2024,15,2,513,143,10315
2024,15,2,512,147,10462
2024,15,2,511,158,10620
2024,15,2,510,153,10773
2024,15,2,509,158,10931
2024,15,2,508,167,11098
2024,15,2,507,173,11271
2024,15,2,506,161,11432
2024,15,2,505,167,11599
2024,15,2,504,166,11765
2024,15,2,503,196,11961
2024,15,2,502,143,12104
2024,15,2,501,192,12296
2024,15,2,500,169,12465
2024,15,2,499,217,12682
2024,15,2,498,163,12845
2024,15,2,497,194,13039
2024,15,2,496,178,13217
2024,15,2,495,202,13419
2024,15,2,494,191,13610
2024,15,2,493,176,13786
2024,15,2,492,173,13959
2024,15,2,491,203,14162
2024,15,2,490,180,14342
2024,15,2,489,182,14524
2024,15,2,488,177,14701
2024,15,2,487,180,14881
2024,15,2,486,195,15076
2024,15,2,485,171,15247
2024,15,2,484,196,15443
2024,15,2,483,183,15626
2024,15,2,482,183,15809
2024,15,2,481,178,15987
2024,15,2,480,205,16192
2024,15,2,479,215,16407
2024,15,2,478,196,16603
2024,15,2,477,185,16788
2024,15,2,476,199,16987
2024,15,2,475,181,17168
2024,15,2,474,201,17369
2024,15,2,473,206,17575
2024,15,2,472,206,17781
2024,15,2,471,209,17990
2024,15,2,470,205,18195
2024,15,2,469,211,18406
2024,15,2,468,207,18613
2024,15,2,467,203,18816
2024,15,2,466,213,19029
2024,15,2,465,213,19242
2024,15,2,464,211,19453
2024,15,2,463,212,19665
2024,15,2,462,226,19891
2024,15,2,461,208,20099
2024,15,2,460,200,20299
2024,15,2,459,220,20519
2024,15,2,458,215,20734
2024,15,2,457,213,20947
2024,15,2,456,210,21157
2024,15,2,455,218,21375
2024,15,2,454,220,21595
2024,15,2,453,228,21823
2024,15,2,452,216,22039
2024,15,2,451,212,22251
2024,15,2,450,217,22468
2024,15,2,449,230,22698
2024,15,2,448,206,22904
2024,15,2,447,213,23117
2024,15,2,446,236,23353
2024,15,2,445,216,23569
2024,15,2,444,215,23784
2024,15,2,443,240,24024
2024,15,2,442,232,24256
2024,15,2,441,215,24471
2024,15,2,440,222,24693
2024,15,2,439,230,24923
2024,15,2,438,220,25143
2024,15,2,437,224,25367
2024,15,2,436,207,25574
2024,15,2,435,232,25806
2024,15,2,434,243,26049
2024,15,2,433,212,26261
2024,15,2,432,257,26518
2024,15,2,431,227,26745
2024,15,2,430,233,26978
2024,15,2,429,254,27232
2024,15,2,428,219,27451
2024,15,2,427,207,27658
2024,15,2,426,249,27907
2024,15,2,425,242,28149
2024,15,2,424,239,28388
2024,15,2,423,212,28600
2024,15,2,422,218,28818
2024,15,2,421,240,29058
2024,15,2,420,213,29271
2024,15,2,419,199,29470
2024,15,2,418,237,29707
2024,15,2,417,236,29943
2024,15,2,416,238,30181
2024,15,2,415,225,30406
2024,15,2,414,233,30639
2024,15,2,413,216,30855
2024,15,2,412,240,31095
2024,15,2,411,212,31307
2024,15,2,410,242,31549
2024,15,2,409,243,31792
2024,15,2,408,228,32020
2024,15,2,407,227,32247
2024,15,2,406,210,32457
2024,15,2,405,219,32676
2024,15,2,404,235,32911
2024,15,2,403,231,33142
2024,15,2,402,207,33349
2024,15,2,401,219,33568
2024,15,2,400,219,33787
2024,15,2,399,223,34010
2024,15,2,398,240,34250
2024,15,2,397,250,34500
2024,15,2,396,230,34730
2024,15,2,395,233,34963
2024,15,2,394,237,35200
2024,15,2,393,237,35437
2024,15,2,392,220,35657
2024,15,2,391,233,35890
2024,15,2,390,234,36124
2024,15,2,389,234,36358
2024,15,2,388,236,36594
2024,15,2,387,202,36796
2024,15,2,386,224,37020
2024,15,2,385,233,37253
2024,15,2,384,228,37481
2024,15,2,383,238,37719
2024,15,2,382,202,37921
2024,15,2,381,214,38135
2024,15,2,380,240,38375
2024,15,2,379,231,38606
2024,15,2,378,218,38824
2024,15,2,377,251,39075
2024,15,2,376,219,39294
2024,15,2,375,239,39533
2024,15,2,374,241,39774
2024,15,2,373,218,39992
2024,15,2,372,236,40228
2024,15,2,371,222,40450
2024,15,2,370,207,40657
2024,15,2,369,227,40884
2024,15,2,368,232,41116
2024,15,2,367,204,41320
2024,15,2,366,227,41547
2024,15,2,365,202,41749
2024,15,2,364,219,41968
2024,15,2,363,240,42208
2024,15,2,362,243,42451
2024,15,2,361,225,42676
2024,15,2,360,204,42880
2024,15,2,359,223,43103
2024,15,2,358,222,43325
2024,15,2,357,217,43542
2024,15,2,356,207,43749
2024,15,2,355,212,43961
2024,15,2,354,205,44166
2024,15,2,353,188,44354
2024,15,2,352,191,44545
2024,15,2,351,210,44755
2024,15,2,350,186,44941
2024,15,2,349,192,45133
2024,15,2,348,184,45317
2024,15,2,347,179,45496
2024,15,2,346,187,45683
2024,15,2,345,198,45881
2024,15,2,344,224,46105
2024,15,2,343,205,46310
2024,15,2,342,207,46517
2024,15,2,341,190,46707
2024,15,2,340,189,46896
2024,15,2,339,191,47087
2024,15,2,338,211,47298
2024,15,2,337,192,47490
2024,15,2,336,184,47674
2024,15,2,335,208,47882
2024,15,2,334,183,48065
2024,15,2,333,169,48234
2024,15,2,332,178,48412
2024,15,2,331,144,48556
2024,15,2,330,182,48738
2024,15,2,329,184,48922
2024,15,2,328,170,49092
2024,15,2,327,180,49272
2024,15,2,326,158,49430
2024,15,2,325,207,49637
2024,15,2,324,148,49785
2024,15,2,323,149,49934
2024,15,2,322,174,50108
2024,15,2,321,146,50254
2024,15,2,320,159,50413
2024,15,2,319,131,50544
2024,15,2,318,138,50682
2024,15,2,317,143,50825
2024,15,2,316,141,50966
2024,15,2,315,126,51092
2024,15,2,314,127,51219
2024,15,2,313,136,51355
2024,15,2,312,125,51480
2024,15,2,311,144,51624
2024,15,2,310,112,51736
2024,15,2,309,146,51882
2024,15,2,308,110,51992
2024,15,2,307,131,52123
2024,15,2,306,119,52242
2024,15,2,305,104,52346
2024,15,2,304,106,52452
2024,15,2,303,106,52558
2024,15,2,302,123,52681
2024,15,2,301,130,52811
2024,15,2,300,120,52931
2024,15,2,299,106,53037
2024,15,2,298,114,53151
2024,15,2,297,130,53281
2024,15,2,296,110,53391
2024,15,2,295,99,53490
2024,15,2,294,84,53574
2024,15,2,293,93,53667
2024,15,2,292,96,53763
2024,15,2,291,81,53844
2024,15,2,290,101,53945
2024,15,2,289,87,54032
2024,15,2,288,86,54118
2024,15,2,287,79,54197
2024,15,2,286,74,54271
2024,15,2,285,74,54345
2024,15,2,284,73,54418
2024,15,2,283,76,54494
2024,15,2,282,74,54568
2024,15,2,281,62,54630
2024,15,2,280,60,54690
2024,15,2,279,60,54750
2024,15,2,278,72,54822
2024,15,2,277,73,54895
2024,15,2,276,63,54958
2024,15,2,275,42,55000
2024,15,2,274,62,55062
2024,15,2,273,52,55114
2024,15,2,272,53,55167
2024,15,2,271,58,55225
2024,15,2,270,47,55272
2024,15,2,269,56,55328
2024,15,2,268,50,55378
2024,15,2,267,55,55433
2024,15,2,266,45,55478
2024,15,2,265,48,55526
2024,15,2,264,55,55581
2024,15,2,263,43,55624
2024,15,2,262,43,55667
2024,15,2,261,43,55710
2024,15,2,260,43,55753
2024,15,2,259,37,55790
2024,15,2,258,32,55822
2024,15,2,257,39,55861
2024,15,2,256,47,55908
2024,15,2,255,41,55949
2024,15,2,254,34,55983
2024,15,2,253,36,56019
2024,15,2,252,28,56047
2024,15,2,251,36,56083
2024,15,2,250,26,56109
2024,15,2,249,41,56150
2024,15,2,248,28,56178
2024,15,2,247,33,56211
2024,15,2,246,31,56242
2024,15,2,245,26,56268
2024,15,2,244,32,56300
2024,15,2,243,23,56323
2024,15,2,242,28,56351
2024,15,2,241,27,56378
2024,15,2,240,30,56408
2024,15,2,239,31,56439
2024,15,2,238,19,56458
2024,15,2,237,30,56488
2024,15,2,236,31,56519
2024,15,2,235,27,56546
2024,15,2,234,27,56573
2024,15,2,233,19,56592
2024,15,2,232,21,56613
2024,15,2,231,28,56641
2024,15,2,230,24,56665
2024,15,2,229,17,56682
2024,15,2,228,31,56713
2024,15,2,227,23,56736
2024,15,2,226,13,56749
2024,15,2,225,19,56768
2024,15,2,224,13,56781
2024,15,2,223,27,56808
2024,15,2,222,11,56819
2024,15,2,221,14,56833
2024,15,2,220,11,56844
2024,15,2,219,15,56859
2024,15,2,218,17,56876
2024,15,2,217,10,56886
2024,15,2,216,11,56897
2024,15,2,215,9,56906
2024,15,2,214,12,56918
2024,15,2,213,13,56931
2024,15,2,212,9,56940
2024,15,2,211,21,56961
2024,15,2,210,12,56973
2024,15,2,209,10,56983
2024,15,2,208,13,56996
2024,15,2,207,7,57003
2024,15,2,206,13,57016
2024,15,2,205,16,57032
2024,15,2,204,11,57043
2024,15,2,203,10,57053
2024,15,2,202,10,57063
2024,15,2,201,11,57074
2024,15,2,200,7,57081
2024,15,1,696,6,51
2024,15,1,695,2,53
2024,15,1,694,7,60
2024,15,1,693,9,69
2024,15,1,692,11,80
2024,15,1,691,11,91
2024,15,1,690,20,111
2024,15,1,689,17,128
2024,15,1,688,13,141
2024,15,1,687,9,150
2024,15,1,686,19,169
2024,15,1,685,23,192
2024,15,1,684,22,214
2024,15,1,683,25,239
2024,15,1,682,28,267
2024,15,1,681,38,305
2024,15,1,680,22,327
2024,15,1,679,32,359
2024,15,1,678,42,401
2024,15,1,677,31,432
2024,15,1,676,43,475
2024,15,1,675,42,517
2024,15,1,674,48,565
2024,15,1,673,38,603
2024,15,1,672,69,672
2024,15,1,671,54,726
2024,15,1,670,41,767
2024,15,1,669,65,832
2024,15,1,668,69,901
2024,15,1,667,89,990
2024,15,1,666,85,1075
2024,15,1,665,75,1150
2024,15,1,664,82,1232
2024,15,1,663,91,1323
2024,15,1,662,91,1414
2024,15,1,661,92,1506
2024,15,1,660,100,1606
2024,15,1,659,104,1710
2024,15,1,658,105,1815
2024,15,1,657,108,1923
2024,15,1,656,101,2024
2024,15,1,655,115,2139
2024,15,1,654,122,2261
2024,15,1,653,112,2373
2024,15,1,652,131,2504
2024,15,1,651,140,2644
2024,15,1,650,135,2779
2024,15,1,649,139,2918
2024,15,1,648,164,3082
2024,15,1,647,145,3227
2024,15,1,646,145,3372
2024,15,1,645,174,3546
2024,15,1,644,165,3711
2024,15,1,643,172,3883
2024,15,1,642,172,4055
2024,15,1,641,171,4226
2024,15,1,640,175,4401
2024,15,1,639,201,4602
2024,15,1,638,178,4780
2024,15,1,637,196,4976
2024,15,1,636,202,5178
2024,15,1,635,204,5382
2024,15,1,634,197,5579
2024,15,1,633,215,5794
2024,15,1,632,230,6024
2024,15,1,631,239,6263
2024,15,1,630,221,6484
2024,15,1,629,236,6720
2024,15,1,628,257,6977
2024,15,1,627,261,7238
2024,15,1,626,289,7527
2024,15,1,625,248,7775
2024,15,1,624,244,8019
2024,15,1,623,236,8255
2024,15,1,622,284,8539
2024,15,1,621,310,8849
2024,15,1,620,280,9129
2024,15,1,619,344,9473
2024,15,1,618,321,9794
2024,15,1,617,273,10067
2024,15,1,616,303,10370
2024,15,1,615,322,10692
2024,15,1,614,280,10972
2024,15,1,613,300,11272
2024,15,1,612,320,11592
2024,15,1,611,348,11940
2024,15,1,610,332,12272
2024,15,1,609,357,12629
2024,15,1,608,359,12988
2024,15,1,607,349,13337
2024,15,1,606,366,13703
2024,15,1,605,385,14088
2024,15,1,604,347,14435
2024,15,1,603,367,14802
2024,15,1,602,412,15214
2024,15,1,601,377,15591
2024,15,1,600,376,15967
2024,15,1,599,362,16329
2024,15,1,598,438,16767
2024,15,1,597,384,17151
2024,15,1,596,416,17567
2024,15,1,595,378,17945
2024,15,1,594,389,18334
2024,15,1,593,397,18731
2024,15,1,592,401,19132
2024,15,1,591,429,19561
2024,15,1,590,437,19998
2024,15,1,589,470,20468
2024,15,1,588,432,20900
2024,15,1,587,445,21345
2024,15,1,586,469,21814
2024,15,1,585,469,22283
2024,15,1,584,450,22733
2024,15,1,583,472,23205
2024,15,1,582,467,23672
2024,15,1,581,497,24169
2024,15,1,580,456,24625
2024,15,1,579,535,25160
2024,15,1,578,455,25615
2024,15,1,577,453,26068
2024,15,1,576,535,26603
2024,15,1,575,471,27074
2024,15,1,574,489,27563
2024,15,1,573,488,28051
2024,15,1,572,532,28583
2024,15,1,571,537,29120
2024,15,1,570,462,29582
2024,15,1,569,525,30107
2024,15,1,568,508,30615
2024,15,1,567,549,31164
2024,15,1,566,577,31741
2024,15,1,565,502,32243
2024,15,1,564,501,32744
2024,15,1,563,556,33300
2024,15,1,562,550,33850
2024,15,1,561,564,34414
2024,15,1,560,556,34970
2024,15,1,559,561,35531
2024,15,1,558,579,36110
2024,15,1,557,628,36738
2024,15,1,556,605,37343
2024,15,1,555,553,37896
2024,15,1,554,592,38488
2024,15,1,553,588,39076
2024,15,1,552,560,39636
2024,15,1,551,624,40260
2024,15,1,550,608,40868
2024,15,1,549,590,41458
2024,15,1,548,605,42063
2024,15,1,547,630,42693
2024,15,1,546,614,43307
2024,15,1,545,596,43903
2024,15,1,544,602,44505
2024,15,1,543,630,45135
2024,15,1,542,656,45791
2024,15,1,541,647,46438
2024,15,1,540,667,47105
2024,15,1,539,653,47758
2024,15,1,538,661,48419
2024,15,1,537,615,49034
2024,15,1,536,682,49716
2024,15,1,535,632,50348
2024,15,1,534,661,51009
2024,15,1,533,650,51659
2024,15,1,532,650,52309
2024,15,1,531,696,53005
2024,15,1,530,638,53643
2024,15,1,529,674,54317
2024,15,1,528,700,55017
2024,15,1,527,673,55690
2024,15,1,526,681,56371
2024,15,1,525,660,57031
2024,15,1,524,695,57726
2024,15,1,523,695,58421
2024,15,1,522,650,59071
2024,15,1,521,709,59780
2024,15,1,520,634,60414
2024,15,1,519,658,61072
2024,15,1,518,737,61809
2024,15,1,517,704,62513
2024,15,1,516,696,63209
2024,15,1,515,708,63917
2024,15,1,514,695,64612
2024,15,1,513,746,65358
2024,15,1,512,698,66056
2024,15,1,511,667,66723
2024,15,1,510,673,67396
2024,15,1,509,729,68125
2024,15,1,508,714,68839
2024,15,1,507,714,69553
2024,15,1,506,694,70247
2024,15,1,505,694,70941
2024,15,1,504,702,71643
2024,15,1,503,660,72303
2024,15,1,502,747,73050
2024,15,1,501,722,73772
2024,15,1,500,691,74463
2024,15,1,499,709,75172
2024,15,1,498,735,75907
2024,15,1,497,781,76688
2024,15,1,496,682,77370
2024,15,1,495,721,78091
2024,15,1,494,690,78781
2024,15,1,493,723,79504
2024,15,1,492,685,80189
2024,15,1,491,716,80905
2024,15,1,490,722,81627
2024,15,1,489,690,82317
2024,15,1,488,733,83050
2024,15,1,487,755,83805
2024,15,1,486,770,84575
2024,15,1,485,707,85282
2024,15,1,484,749,86031
2024,15,1,483,760,86791
2024,15,1,482,736,87527
2024,15,1,481,780,88307
2024,15,1,480,745,89052
2024,15,1,479,727,89779
2024,15,1,478,743,90522
2024,15,1,477,741,91263
2024,15,1,476,730,91993
2024,15,1,475,760,92753
2024,15,1,474,727,93480
2024,15,1,473,693,94173
2024,15,1,472,784,94957
2024,15,1,471,695,95652
2024,15,1,470,736,96388
2024,15,1,469,787,97175
2024,15,1,468,687,97862
2024,15,1,467,729,98591
2024,15,1,466,740,99331
2024,15,1,465,724,100055
2024,15,1,464,709,100764
2024,15,1,463,744,101508
2024,15,1,462,735,102243
2024,15,1,461,748,102991
2024,15,1,460,701,103692
2024,15,1,459,760,104452
2024,15,1,458,665,105117
2024,15,1,457,679,105796
2024,15,1,456,677,106473
2024,15,1,455,742,107215
2024,15,1,454,749,107964
2024,15,1,453,722,108686
2024,15,1,452,702,109388
2024,15,1,451,754,110142
2024,15,1,450,699,110841
2024,15,1,449,732,111573
2024,15,1,448,698,112271
2024,15,1,447,686,112957
2024,15,1,446,735,113692
2024,15,1,445,662,114354
2024,15,1,444,685,115039
2024,15,1,443,651,115690
2024,15,1,442,680,116370
2024,15,1,441,657,117027
2024,15,1,440,671,117698
2024,15,1,439,640,118338
2024,15,1,438,675,119013
2024,15,1,437,682,119695
2024,15,1,436,687,120382
2024,15,1,435,636,121018
2024,15,1,434,670,121688
2024,15,1,433,601,122289
2024,15,1,432,660,122949
2024,15,1,431,623,123572
2024,15,1,430,637,124209
2024,15,1,429,633,124842
2024,15,1,428,585,125427
2024,15,1,427,620,126047
2024,15,1,426,635,126682
2024,15,1,425,634,127316
2024,15,1,424,592,127908
2024,15,1,423,604,128512
2024,15,1,422,593,129105
2024,15,1,421,598,129703
2024,15,1,420,631,130334
2024,15,1,419,628,130962
2024,15,1,418,627,131589
2024,15,1,417,566,132155
2024,15,1,416,569,132724
2024,15,1,415,532,133256
2024,15,1,414,572,133828
2024,15,1,413,561,134389
2024,15,1,412,579,134968
2024,15,1,411,556,135524
2024,15,1,410,552,136076
2024,15,1,409,554,136630
2024,15,1,408,554,137184
2024,15,1,407,568,137752
2024,15,1,406,532,138284
2024,15,1,405,525,138809
2024,15,1,404,516,139325
2024,15,1,403,549,139874
2024,15,1,402,530,140404
2024,15,1,401,490,140894
2024,15,1,400,511,141405
2024,15,1,399,522,141927
2024,15,1,398,481,142408
2024,15,1,397,513,142921
2024,15,1,396,495,143416
2024,15,1,395,519,143935
2024,15,1,394,494,144429
2024,15,1,393,530,144959
2024,15,1,392,485,145444
2024,15,1,391,477,145921
2024,15,1,390,507,146428
2024,15,1,389,470,146898
2024,15,1,388,495,147393
2024,15,1,387,492,147885
2024,15,1,386,475,148360
2024,15,1,385,461,148821
2024,15,1,384,428,149249
2024,15,1,383,466,149715
2024,15,1,382,421,150136
2024,15,1,381,439,150575
2024,15,1,380,431,151006
2024,15,1,379,426,151432
2024,15,1,378,486,151918
2024,15,1,377,422,152340
2024,15,1,376,452,152792
2024,15,1,375,402,153194
2024,15,1,374,401,153595
2024,15,1,373,414,154009
2024,15,1,372,409,154418
2024,15,1,371,419,154837
2024,15,1,370,394,155231
2024,15,1,369,365,155596
2024,15,1,368,415,156011
2024,15,1,367,374,156385
2024,15,1,366,340,156725
2024,15,1,365,391,157116
2024,15,1,364,391,157507
2024,15,1,363,347,157854
2024,15,1,362,371,158225
2024,15,1,361,367,158592
2024,15,1,360,342,158934
2024,15,1,359,352,159286
2024,15,1,358,321,159607
2024,15,1,357,316,159923
2024,15,1,356,370,160293
2024,15,1,355,334,160627
2024,15,1,354,346,160973
2024,15,1,353,331,161304
2024,15,1,352,326,161630
2024,15,1,351,310,161940
2024,15,1,350,302,162242
2024,15,1,349,338,162580
2024,15,1,348,333,162913
2024,15,1,347,312,163225
2024,15,1,346,327,163552
2024,15,1,345,310,163862
2024,15,1,344,305,164167
2024,15,1,343,293,164460
2024,15,1,342,286,164746
2024,15,1,341,262,165008
2024,15,1,340,311,165319
2024,15,1,339,299,165618
2024,15,1,338,270,165888
2024,15,1,337,309,166197
2024,15,1,336,302,166499
2024,15,1,335,319,166818
2024,15,1,334,273,167091
2024,15,1,333,281,167372
2024,15,1,332,262,167634
2024,15,1,331,252,167886
2024,15,1,330,278,168164
2024,15,1,329,254,168418
2024,15,1,328,246,168664
2024,15,1,327,269,168933
2024,15,1,326,232,169165
2024,15,1,325,275,169440
2024,15,1,324,249,169689
2024,15,1,323,249,169938
2024,15,1,322,237,170175
2024,15,1,321,242,170417
2024,15,1,320,231,170648
2024,15,1,319,224,170872
2024,15,1,318,206,171078
2024,15,1,317,211,171289
2024,15,1,316,219,171508
2024,15,1,315,222,171730
2024,15,1,314,209,171939
2024,15,1,313,189,172128
2024,15,1,312,196,172324
2024,15,1,311,220,172544
2024,15,1,310,211,172755
2024,15,1,309,176,172931
2024,15,1,308,206,173137
2024,15,1,307,189,173326
2024,15,1,306,178,173504
2024,15,1,305,188,173692
2024,15,1,304,183,173875
2024,15,1,303,186,174061
2024,15,1,302,151,174212
2024,15,1,301,194,174406
2024,15,1,300,170,174576
2024,15,1,299,173,174749
2024,15,1,298,157,174906
2024,15,1,297,157,175063
2024,15,1,296,166,175229
2024,15,1,295,158,175387
2024,15,1,294,158,175545
2024,15,1,293,121,175666
2024,15,1,292,122,175788
2024,15,1,291,133,175921
2024,15,1,290,120,176041
2024,15,1,289,113,176154
2024,15,1,288,131,176285
2024,15,1,287,139,176424
2024,15,1,286,142,176566
2024,15,1,285,122,176688
2024,15,1,284,123,176811
2024,15,1,283,130,176941
2024,15,1,282,125,177066
2024,15,1,281,103,177169
2024,15,1,280,106,177275
2024,15,1,279,133,177408
2024,15,1,278,110,177518
2024,15,1,277,104,177622
2024,15,1,276,94,177716
2024,15,1,275,94,177810
2024,15,1,274,109,177919
2024,15,1,273,74,177993
2024,15,1,272,103,178096
2024,15,1,271,84,178180
2024,15,1,270,87,178267
2024,15,1,269,84,178351
2024,15,1,268,83,178434
2024,15,1,267,74,178508
2024,15,1,266,86,178594
2024,15,1,265,74,178668
2024,15,1,264,79,178747
2024,15,1,263,61,178808
2024,15,1,262,52,178860
2024,15,1,261,78,178938
2024,15,1,260,80,179018
2024,15,1,259,65,179083
2024,15,1,258,59,179142
2024,15,1,257,56,179198
2024,15,1,256,62,179260
2024,15,1,255,74,179334
2024,15,1,254,55,179389
2024,15,1,253,50,179439
2024,15,1,252,42,179481
2024,15,1,251,41,179522
2024,15,1,250,50,179572
2024,15,1,249,51,179623
2024,15,1,248,49,179672
2024,15,1,247,39,179711
2024,15,1,246,42,179753
2024,15,1,245,35,179788
2024,15,1,244,37,179825
2024,15,1,243,43,179868
2024,15,1,242,36,179904
2024,15,1,241,37,179941
2024,15,1,240,37,179978
2024,15,1,239,23,180001
2024,15,1,238,34,180035
2024,15,1,237,32,180067
2024,15,1,236,26,180093
2024,15,1,235,26,180119
2024,15,1,234,24,180143
2024,15,1,233,19,180162
2024,15,1,232,23,180185
2024,15,1,231,22,180207
2024,15,1,230,29,180236
2024,15,1,229,15,180251
2024,15,1,228,9,180260
2024,15,1,227,19,180279
2024,15,1,226,19,180298
2024,15,1,225,19,180317
2024,15,1,224,11,180328
2024,15,1,223,14,180342
2024,15,1,222,17,180359
2024,15,1,221,16,180375
2024,15,1,220,7,180382
2024,15,1,219,12,180394
2024,15,1,218,14,180408
2024,15,1,217,10,180418
2024,15,1,216,10,180428
2024,15,1,215,10,180438
2024,15,1,214,11,180449
2024,15,1,213,13,180462
2024,15,1,212,7,180469
2024,15,1,211,9,180478
2024,15,1,210,15,180493
2024,15,1,209,14,180507
2024,15,1,208,13,180520
2024,15,1,207,11,180531
2024,15,1,206,8,180539
2024,15,1,205,7,180546
2024,15,1,204,3,180549
2024,15,1,203,5,180554
2024,15,1,202,8,180562
2024,15,1,201,4,180566
2024,15,1,200,8,180574
2024,21,2,659,61,61
2024,21,2,658,4,65
2024,21,2,657,5,70
2024,21,2,656,4,74
2024,21,2,655,17,91
2024,21,2,654,4,95
2024,21,2,653,12,107
2024,21,2,652,9,116
2024,21,2,651,10,126
2024,21,2,650,8,134
2024,21,2,649,7,141
2024,21,2,648,8,149
2024,21,2,647,10,159
2024,21,2,646,7,166
2024,21,2,645,14,180
2024,21,2,644,10,190
2024,21,2,643,10,200
2024,21,2,642,15,215
2024,21,2,641,9,224
2024,21,2,640,8,232
2024,21,2,639,23,255
2024,21,2,638,18,273
2024,21,2,637,15,288
2024,21,2,636,18,306
2024,21,2,635,12,318
2024,21,2,634,24,342
2024,21,2,633,28,370
2024,21,2,632,21,391
2024,21,2,631,22,413
2024,21,2,630,25,438
2024,21,2,629,28,466
2024,21,2,628,15,481
2024,21,2,627,24,505
2024,21,2,626,25,530
2024,21,2,625,28,558
2024,21,2,624,21,579
2024,21,2,623,24,603
2024,21,2,622,33,636
2024,21,2,621,24,660
2024,21,2,620,26,686
2024,21,2,619,33,719
2024,21,2,618,22,741
2024,21,2,617,32,773
2024,21,2,616,31,804
2024,21,2,615,35,839
2024,21,2,614,43,882
2024,21,2,613,57,939
2024,21,2,612,38,977
2024,21,2,611,39,1016
2024,21,2,610,46,1062
2024,21,2,609,46,1108
2024,21,2,608,50,1158
2024,21,2,607,48,1206
2024,21,2,606,44,1250
2024,21,2,605,44,1294
2024,21,2,604,45,1339
2024,21,2,603,45,1384
2024,21,2,602,53,1437
2024,21,2,601,50,1487
2024,21,2,600,65,1552
2024,21,2,599,43,1595
2024,21,2,598,56,1651
2024,21,2,597,49,1700
2024,21,2,596,60,1760
2024,21,2,595,48,1808
2024,21,2,594,50,1858
2024,21,2,593,72,1930
2024,21,2,592,62,1992
2024,21,2,591,55,2047
2024,21,2,590,64,2111
2024,21,2,589,75,2186
2024,21,2,588,65,2251
2024,21,2,587,69,2320
2024,21,2,586,75,2395
2024,21,2,585,60,2455
2024,21,2,584,72,2527
2024,21,2,583,80,2607
2024,21,2,582,70,2677
2024,21,2,581,106,2783
2024,21,2,580,78,2861
2024,21,2,579,72,2933
2024,21,2,578,99,3032
2024,21,2,577,81,3113
2024,21,2,576,91,3204
2024,21,2,575,89,3293
2024,21,2,574,92,3385
2024,21,2,573,97,3482
2024,21,2,572,90,3572
2024,21,2,571,95,3667
2024,21,2,570,113,3780
2024,21,2,569,100,3880
2024,21,2,568,103,3983
2024,21,2,567,114,4097
2024,21,2,566,97,4194
2024,21,2,565,110,4304
2024,21,2,564,112,4416
2024,21,2,563,91,4507
2024,21,2,562,117,4624
2024,21,2,561,106,4730
2024,21,2,560,103,4833
2024,21,2,559,120,4953
2024,21,2,558,110,5063
2024,21,2,557,122,5185
2024,21,2,556,128,5313
2024,21,2,555,136,5449
2024,21,2,554,121,5570
2024,21,2,553,117,5687
2024,21,2,552,137,5824
2024,21,2,551,117,5941
2024,21,2,550,140,6081
2024,21,2,549,140,6221
2024,21,2,548,142,6363
2024,21,2,547,146,6509
2024,21,2,546,139,6648
2024,21,2,545,166,6814
2024,21,2,544,148,6962
2024,21,2,543,151,7113
2024,21,2,542,151,7264
2024,21,2,541,143,7407
2024,21,2,540,169,7576
2024,21,2,539,122,7698
2024,21,2,538,145,7843
2024,21,2,537,154,7997
2024,21,2,536,161,8158
2024,21,2,535,191,8349
2024,21,2,534,156,8505
2024,21,2,533,176,8681
2024,21,2,532,165,8846
2024,21,2,531,150,8996
2024,21,2,530,169,9165
2024,21,2,529,178,9343
2024,21,2,528,161,9504
2024,21,2,527,168,9672
2024,21,2,526,166,9838
2024,21,2,525,204,10042
2024,21,2,524,165,10207
2024,21,2,523,190,10397
2024,21,2,522,192,10589
2024,21,2,521,196,10785
2024,21,2,520,199,10984
2024,21,2,519,177,11161
2024,21,2,518,191,11352
2024,21,2,517,196,11548
2024,21,2,516,195,11743
2024,21,2,515,187,11930
2024,21,2,514,157,12087
2024,21,2,513,181,12268
2024,21,2,512,191,12459
2024,21,2,511,224,12683
2024,21,2,510,196,12879
2024,21,2,509,210,13089
2024,21,2,508,186,13275
2024,21,2,507,206,13481
2024,21,2,506,196,13677
2024,21,2,505,201,13878
2024,21,2,504,209,14087
2024,21,2,503,197,14284
2024,21,2,502,228,14512
2024,21,2,501,180,14692
2024,21,2,500,188,14880
2024,21,2,499,196,15076
2024,21,2,498,214,15290
2024,21,2,497,205,15495
2024,21,2,496,198,15693
2024,21,2,495,217,15910
2024,21,2,494,222,16132
2024,21,2,493,211,16343
2024,21,2,492,227,16570
2024,21,2,491,232,16802
2024,21,2,490,245,17047
2024,21,2,489,239,17286
2024,21,2,488,217,17503
2024,21,2,487,196,17699
2024,21,2,486,208,17907
2024,21,2,485,200,18107
2024,21,2,484,227,18334
2024,21,2,483,240,18574
2024,21,2,482,243,18817
2024,21,2,481,217,19034
2024,21,2,480,232,19266
2024,21,2,479,261,19527
2024,21,2,478,241,19768
2024,21,2,477,233,20001
2024,21,2,476,248,20249
2024,21,2,475,232,20481
2024,21,2,474,229,20710
2024,21,2,473,253,20963
2024,21,2,472,246,21209
2024,21,2,471,213,21422
2024,21,2,470,237,21659
2024,21,2,469,253,21912
2024,21,2,468,242,22154
2024,21,2,467,236,22390
2024,21,2,466,242,22632
2024,21,2,465,231,22863
2024,21,2,464,236,23099
2024,21,2,463,251,23350
2024,21,2,462,221,23571
2024,21,2,461,247,23818
2024,21,2,460,260,24078
2024,21,2,459,255,24333
2024,21,2,458,257,24590
2024,21,2,457,241,24831
2024,21,2,456,268,25099
2024,21,2,455,243,25342
2024,21,2,454,259,25601
2024,21,2,453,236,25837
2024,21,2,452,238,26075
2024,21,2,451,264,26339
2024,21,2,450,255,26594
2024,21,2,449,282,26876
2024,21,2,448,262,27138
2024,21,2,447,308,27446
2024,21,2,446,252,27698
2024,21,2,445,246,27944
2024,21,2,444,277,28221
2024,21,2,443,228,28449
2024,21,2,442,257,28706
2024,21,2,441,281,28987
2024,21,2,440,282,29269
2024,21,2,439,259,29528
2024,21,2,438,293,29821
2024,21,2,437,262,30083
2024,21,2,436,264,30347
2024,21,2,435,273,30620
2024,21,2,434,247,30867
2024,21,2,433,294,31161
2024,21,2,432,251,31412
2024,21,2,431,281,31693
2024,21,2,430,266,31959
2024,21,2,429,257,32216
2024,21,2,428,282,32498
2024,21,2,427,258,32756
2024,21,2,426,239,32995
2024,21,2,425,253,33248
2024,21,2,424,266,33514
2024,21,2,423,282,33796
2024,21,2,422,296,34092
2024,21,2,421,251,34343
2024,21,2,420,295,34638
2024,21,2,419,280,34918
2024,21,2,418,258,35176
2024,21,2,417,279,35455
2024,21,2,416,263,35718
2024,21,2,415,271,35989
2024,21,2,414,245,36234
2024,21,2,413,260,36494
2024,21,2,412,266,36760
2024,21,2,411,274,37034
2024,21,2,410,244,37278
2024,21,2,409,276,37554
2024,21,2,408,252,37806
2024,21,2,407,266,38072
2024,21,2,406,271,38343
2024,21,2,405,273,38616
2024,21,2,404,265,38881
2024,21,2,403,256,39137
2024,21,2,402,271,39408
2024,21,2,401,245,39653
2024,21,2,400,279,39932
2024,21,2,399,283,40215
2024,21,2,398,270,40485
2024,21,2,397,292,40777
2024,21,2,396,273,41050
2024,21,2,395,279,41329
2024,21,2,394,290,41619
2024,21,2,393,277,41896
2024,21,2,392,253,42149
2024,21,2,391,246,42395
2024,21,2,390,289,42684
2024,21,2,389,268,42952
2024,21,2,388,260,43212
2024,21,2,387,302,43514
2024,21,2,386,258,43772
2024,21,2,385,253,44025
2024,21,2,384,248,44273
2024,21,2,383,259,44532
2024,21,2,382,287,44819
2024,21,2,381,255,45074
2024,21,2,380,287,45361
2024,21,2,379,253,45614
2024,21,2,378,236,45850
2024,21,2,377,230,46080
2024,21,2,376,297,46377
2024,21,2,375,224,46601
2024,21,2,374,235,46836
2024,21,2,373,253,47089
2024,21,2,372,251,47340
2024,21,2,371,266,47606
2024,21,2,370,256,47862
2024,21,2,369,272,48134
2024,21,2,368,245,48379
2024,21,2,367,246,48625
2024,21,2,366,245,48870
2024,21,2,365,246,49116
2024,21,2,364,269,49385
2024,21,2,363,287,49672
2024,21,2,362,230,49902
2024,21,2,361,236,50138
2024,21,2,360,229,50367
2024,21,2,359,262,50629
2024,21,2,358,236,50865
2024,21,2,357,231,51096
2024,21,2,356,250,51346
2024,21,2,355,245,51591
2024,21,2,354,246,51837
2024,21,2,353,216,52053
2024,21,2,352,234,52287
2024,21,2,351,259,52546
2024,21,2,350,250,52796
2024,21,2,349,231,53027
2024,21,2,348,242,53269
2024,21,2,347,269,53538
2024,21,2,346,208,53746
2024,21,2,345,226,53972
2024,21,2,344,242,54214
2024,21,2,343,215,54429
2024,21,2,342,246,54675
2024,21,2,341,190,54865
2024,21,2,340,226,55091
2024,21,2,339,222,55313
2024,21,2,338,226,55539
2024,21,2,337,227,55766
2024,21,2,336,218,55984
2024,21,2,335,217,56201
2024,21,2,334,191,56392
2024,21,2,333,222,56614
2024,21,2,332,213,56827
2024,21,2,331,197,57024
2024,21,2,330,206,57230
2024,21,2,329,219,57449
2024,21,2,328,220,57669
2024,21,2,327,214,57883
2024,21,2,326,209,58092
2024,21,2,325,211,58303
2024,21,2,324,188,58491
2024,21,2,323,204,58695
2024,21,2,322,161,58856
2024,21,2,321,194,59050
2024,21,2,320,197,59247
2024,21,2,319,180,59427
2024,21,2,318,175,59602
2024,21,2,317,220,59822
2024,21,2,316,166,59988
2024,21,2,315,185,60173
2024,21,2,314,183,60356
2024,21,2,313,158,60514
2024,21,2,312,173,60687
2024,21,2,311,151,60838
2024,21,2,310,179,61017
2024,21,2,309,162,61179
2024,21,2,308,163,61342
2024,21,2,307,146,61488
2024,21,2,306,161,61649
2024,21,2,305,150,61799
2024,21,2,304,159,61958
2024,21,2,303,167,62125
2024,21,2,302,185,62310
2024,21,2,301,130,62440
2024,21,2,300,127,62567
2024,21,1,687,161,161
2024,21,1,686,16,177
2024,21,1,685,22,199
2024,21,1,684,27,226
2024,21,1,683,27,253
2024,21,1,682,27,280
2024,21,1,681,30,310
2024,21,1,680,35,345
2024,21,1,679,31,376
2024,21,1,678,33,409
2024,21,1,677,38,447
2024,21,1,676,34,481
2024,21,1,675,37,518
2024,21,1,674,42,560
2024,21,1,673,57,617
2024,21,1,672,54,671
2024,21,1,671,43,714
2024,21,1,670,47,761
2024,21,1,669,59,820
2024,21,1,668,63,883
2024,21,1,667,73,956
2024,21,1,666,64,1020
2024,21,1,665,71,1091
2024,21,1,664,71,1162
2024,21,1,663,71,1233
2024,21,1,662,86,1319
2024,21,1,661,82,1401
2024,21,1,660,88,1489
2024,21,1,659,83,1572
2024,21,1,658,92,1664
2024,21,1,657,83,1747
2024,21,1,656,89,1836
2024,21,1,655,105,1941
2024,21,1,654,90,2031
2024,21,1,653,119,2150
2024,21,1,652,108,2258
2024,21,1,651,107,2365
2024,21,1,650,117,2482
2024,21,1,649,109,2591
2024,21,1,648,132,2723
2024,21,1,647,122,2845
2024,21,1,646,125,2970
2024,21,1,645,130,3100
2024,21,1,644,119,3219
2024,21,1,643,154,3373
2024,21,1,642,134,3507
2024,21,1,641,147,3654
2024,21,1,640,138,3792
2024,21,1,639,149,3941
2024,21,1,638,138,4079
2024,21,1,637,169,4248
2024,21,1,636,169,4417
2024,21,1,635,208,4625
2024,21,1,634,180,4805
2024,21,1,633,165,4970
2024,21,1,632,190,5160
2024,21,1,631,172,5332
2024,21,1,630,193,5525
2024,21,1,629,186,5711
2024,21,1,628,199,5910
2024,21,1,627,188,6098
2024,21,1,626,179,6277
2024,21,1,625,220,6497
2024,21,1,624,225,6722
2024,21,1,623,221,6943
2024,21,1,622,224,7167
2024,21,1,621,222,7389
2024,21,1,620,246,7635
2024,21,1,619,247,7882
2024,21,1,618,258,8140
2024,21,1,617,248,8388
2024,21,1,616,235,8623
2024,21,1,615,251,8874
2024,21,1,614,269,9143
2024,21,1,613,262,9405
2024,21,1,612,255,9660
2024,21,1,611,266,9926
2024,21,1,610,256,10182
2024,21,1,609,282,10464
2024,21,1,608,287,10751
2024,21,1,607,286,11037
2024,21,1,606,272,11309
2024,21,1,605,269,11578
2024,21,1,604,310,11888
2024,21,1,603,290,12178
2024,21,1,602,298,12476
2024,21,1,601,308,12784
2024,21,1,600,310,13094
2024,21,1,599,290,13384
2024,21,1,598,339,13723
2024,21,1,597,320,14043
2024,21,1,596,349,14392
2024,21,1,595,333,14725
2024,21,1,594,342,15067
2024,21,1,593,346,15413
2024,21,1,592,386,15799
2024,21,1,591,352,16151
2024,21,1,590,362,16513
2024,21,1,589,351,16864
2024,21,1,588,374,17238
2024,21,1,587,350,17588
2024,21,1,586,356,17944
2024,21,1,585,376,18320
2024,21,1,584,374,18694
2024,21,1,583,415,19109
2024,21,1,582,410,19519
2024,21,1,581,362,19881
2024,21,1,580,381,20262
2024,21,1,579,414,20676
2024,21,1,578,363,21039
2024,21,1,577,387,21426
2024,21,1,576,419,21845
2024,21,1,575,409,22254
2024,21,1,574,364,22618
2024,21,1,573,411,23029
2024,21,1,572,436,23465
2024,21,1,571,423,23888
2024,21,1,570,469,24357
2024,21,1,569,428,24785
2024,21,1,568,419,25204
2024,21,1,567,428,25632
2024,21,1,566,452,26084
2024,21,1,565,425,26509
2024,21,1,564,426,26935
2024,21,1,563,451,27386
2024,21,1,562,445,27831
2024,21,1,561,450,28281
2024,21,1,560,500,28781
2024,21,1,559,454,29235
2024,21,1,558,491,29726
2024,21,1,557,481,30207
2024,21,1,556,457,30664
2024,21,1,555,486,31150
2024,21,1,554,469,31619
2024,21,1,553,482,32101
2024,21,1,552,516,32617
2024,21,1,551,476,33093
2024,21,1,550,487,33580
2024,21,1,549,462,34042
2024,21,1,548,486,34528
2024,21,1,547,545,35073
2024,21,1,546,517,35590
2024,21,1,545,502,36092
2024,21,1,544,502,36594
2024,21,1,543,463,37057
2024,21,1,542,553,37610
2024,21,1,541,458,38068
2024,21,1,540,512,38580
2024,21,1,539,497,39077
2024,21,1,538,528,39605
2024,21,1,537,513,40118
2024,21,1,536,549,40667
2024,21,1,535,490,41157
2024,21,1,534,529,41686
2024,21,1,533,557,42243
2024,21,1,532,501,42744
2024,21,1,531,567,43311
2024,21,1,530,548,43859
2024,21,1,529,519,44378
2024,21,1,528,548,44926
2024,21,1,527,517,45443
2024,21,1,526,571,46014
2024,21,1,525,560,46574
2024,21,1,524,547,47121
2024,21,1,523,533,47654
2024,21,1,522,546,48200
2024,21,1,521,582,48782
2024,21,1,520,558,49340
2024,21,1,519,576,49916
2024,21,1,518,579,50495
2024,21,1,517,600,51095
2024,21,1,516,597,51692
2024,21,1,515,577,52269
2024,21,1,514,549,52818
2024,21,1,513,544,53362
2024,21,1,512,542,53904
2024,21,1,511,559,54463
2024,21,1,510,567,55030
2024,21,1,509,594,55624
2024,21,1,508,606,56230
2024,21,1,507,541,56771
2024,21,1,506,532,57303
2024,21,1,505,558,57861
2024,21,1,504,574,58435
2024,21,1,503,589,59024
2024,21,1,502,596,59620
2024,21,1,501,576,60196
2024,21,1,500,593,60789
2024,21,1,499,611,61400
2024,21,1,498,533,61933
2024,21,1,497,600,62533
2024,21,1,496,547,63080
2024,21,1,495,561,63641
2024,21,1,494,506,64147
2024,21,1,493,533,64680
2024,21,1,492,561,65241
2024,21,1,491,569,65810
2024,21,1,490,550,66360
2024,21,1,489,569,66929
2024,21,1,488,583,67512
2024,21,1,487,535,68047
2024,21,1,486,515,68562
2024,21,1,485,531,69093
2024,21,1,484,588,69681
2024,21,1,483,546,70227
2024,21,1,482,554,70781
2024,21,1,481,544,71325
2024,21,1,480,563,71888
2024,21,1,479,536,72424
2024,21,1,478,548,72972
2024,21,1,477,555,73527
2024,21,1,476,509,74036
2024,21,1,475,489,74525
2024,21,1,474,552,75077
2024,21,1,473,498,75575
2024,21,1,472,486,76061
2024,21,1,471,497,76558
2024,21,1,470,517,77075
2024,21,1,469,520,77595
2024,21,1,468,539,78134
2024,21,1,467,515,78649
2024,21,1,466,519,79168
2024,21,1,465,528,79696
2024,21,1,464,530,80226
2024,21,1,463,555,80781
2024,21,1,462,482,81263
2024,21,1,461,518,81781
2024,21,1,460,549,82330
2024,21,1,459,538,82868
2024,21,1,458,491,83359
2024,21,1,457,504,83863
2024,21,1,456,466,84329
2024,21,1,455,478,84807
2024,21,1,454,451,85258
2024,21,1,453,486,85744
2024,21,1,452,461,86205
2024,21,1,451,437,86642
2024,21,1,450,508,87150
2024,21,1,449,497,87647
2024,21,1,448,493,88140
2024,21,1,447,518,88658
2024,21,1,446,455,89113
2024,21,1,445,446,89559
2024,21,1,444,443,90002
2024,21,1,443,410,90412
2024,21,1,442,468,90880
2024,21,1,441,495,91375
2024,21,1,440,483,91858
2024,21,1,439,445,92303
2024,21,1,438,420,92723
2024,21,1,437,417,93140
2024,21,1,436,420,93560
2024,21,1,435,452,94012
2024,21,1,434,436,94448
2024,21,1,433,427,94875
2024,21,1,432,446,95321
2024,21,1,431,443,95764
2024,21,1,430,437,96201
2024,21,1,429,432,96633
2024,21,1,428,405,97038
2024,21,1,427,414,97452
2024,21,1,426,424,97876
2024,21,1,425,385,98261
2024,21,1,424,406,98667
2024,21,1,423,434,99101
2024,21,1,422,399,99500
2024,21,1,421,411,99911
2024,21,1,420,379,100290
2024,21,1,419,374,100664
2024,21,1,418,396,101060
2024,21,1,417,345,101405
2024,21,1,416,382,101787
2024,21,1,415,382,102169
2024,21,1,414,365,102534
2024,21,1,413,369,102903
2024,21,1,412,384,103287
2024,21,1,411,397,103684
2024,21,1,410,372,104056
2024,21,1,409,376,104432
2024,21,1,408,357,104789
2024,21,1,407,347,105136
2024,21,1,406,355,105491
2024,21,1,405,357,105848
2024,21,1,404,329,106177
2024,21,1,403,340,106517
2024,21,1,402,325,106842
2024,21,1,401,329,107171
2024,21,1,400,326,107497
2024,21,1,399,355,107852
2024,21,1,398,320,108172
2024,21,1,397,347,108519
2024,21,1,396,332,108851
2024,21,1,395,312,109163
2024,21,1,394,295,109458
2024,21,1,393,335,109793
2024,21,1,392,327,110120
2024,21,1,391,313,110433
2024,21,1,390,293,110726
2024,21,1,389,312,111038
2024,21,1,388,325,111363
2024,21,1,387,305,111668
2024,21,1,386,285,111953
2024,21,1,385,285,112238
2024,21,1,384,305,112543
2024,21,1,383,257,112800
2024,21,1,382,277,113077
2024,21,1,381,308,113385
2024,21,1,380,258,113643
2024,21,1,379,298,113941
2024,21,1,378,269,114210
2024,21,1,377,281,114491
2024,21,1,376,239,114730
2024,21,1,375,278,115008
2024,21,1,374,234,115242
2024,21,1,373,263,115505
2024,21,1,372,237,115742
2024,21,1,371,246,115988
2024,21,1,370,238,116226
2024,21,1,369,262,116488
2024,21,1,368,267,116755
2024,21,1,367,228,116983
2024,21,1,366,227,117210
2024,21,1,365,231,117441
2024,21,1,364,231,117672
2024,21,1,363,218,117890
2024,21,1,362,239,118129
2024,21,1,361,216,118345
2024,21,1,360,230,118575
2024,21,1,359,231,118806
2024,21,1,358,235,119041
2024,21,1,357,211,119252
2024,21,1,356,206,119458
2024,21,1,355,216,119674
2024,21,1,354,224,119898
2024,21,1,353,195,120093
2024,21,1,352,200,120293
2024,21,1,351,226,120519
2024,21,1,350,209,120728
2024,21,1,349,221,120949
2024,21,1,348,202,121151
2024,21,1,347,198,121349
2024,21,1,346,186,121535
2024,21,1,345,164,121699
2024,21,1,344,203,121902
2024,21,1,343,194,122096
2024,21,1,342,178,122274
2024,21,1,341,186,122460
2024,21,1,340,163,122623
2024,21,1,339,204,122827
2024,21,1,338,179,123006
2024,21,1,337,187,123193
2024,21,1,336,155,123348
2024,21,1,335,144,123492
2024,21,1,334,163,123655
2024,21,1,333,146,123801
2024,21,1,332,173,123974
2024,21,1,331,158,124132
2024,21,1,330,146,124278
2024,21,1,329,150,124428
2024,21,1,328,160,124588
2024,21,1,327,153,124741
2024,21,1,326,147,124888
2024,21,1,325,151,125039
2024,21,1,324,153,125192
2024,21,1,323,162,125354
2024,21,1,322,127,125481
2024,21,1,321,154,125635
2024,21,1,320,115,125750
2024,21,1,319,141,125891
2024,21,1,318,124,126015
2024,21,1,317,142,126157
2024,21,1,316,126,126283
2024,21,1,315,108,126391
2024,21,1,314,130,126521
2024,21,1,313,117,126638
2024,21,1,312,117,126755
2024,21,1,311,127,126882
2024,21,1,310,114,126996
2024,21,1,309,130,127126
2024,21,1,308,119,127245
2024,21,1,307,111,127356
2024,21,1,306,115,127471
2024,21,1,305,113,127584
2024,21,1,304,112,127696
2024,21,1,303,99,127795
2024,21,1,302,121,127916
2024,21,1,301,111,128027
2024,21,1,300,108,128135
2024,5,2,652,12,12
2024,5,2,649,3,15
2024,5,2,648,2,17
2024,5,2,647,2,19
2024,5,2,645,2,21
2024,5,2,644,3,24
2024,5,2,643,5,29
2024,5,2,642,4,33
2024,5,2,641,6,39
2024,5,2,640,3,42
2024,5,2,639,4,46
2024,5,2,638,1,47
2024,5,2,637,2,49
2024,5,2,636,4,53
2024,5,2,635,6,59
2024,5,2,634,4,63
2024,5,2,633,5,68
2024,5,2,632,5,73
2024,5,2,631,4,77
2024,5,2,630,14,91
2024,5,2,629,6,97
2024,5,2,628,6,103
2024,5,2,627,8,111
2024,5,2,626,10,121
2024,5,2,625,7,128
2024,5,2,624,5,133
2024,5,2,623,11,144
2024,5,2,622,10,154
2024,5,2,621,7,161
2024,5,2,620,9,170
2024,5,2,619,9,179
2024,5,2,618,10,189
2024,5,2,617,19,208
2024,5,2,616,24,232
2024,5,2,615,18,250
2024,5,2,614,14,264
2024,5,2,613,19,283
2024,5,2,612,16,299
2024,5,2,611,10,309
2024,5,2,610,26,335
2024,5,2,609,20,355
2024,5,2,608,15,370
2024,5,2,607,23,393
2024,5,2,606,22,415
2024,5,2,605,20,435
2024,5,2,604,25,460
2024,5,2,603,27,487
2024,5,2,602,30,517
2024,5,2,601,22,539
2024,5,2,600,26,565
2024,5,2,599,23,588
2024,5,2,598,24,612
2024,5,2,597,19,631
2024,5,2,596,28,659
2024,5,2,595,28,687
2024,5,2,594,34,721
2024,5,2,593,31,752
2024,5,2,592,28,780
2024,5,2,591,32,812
2024,5,2,590,41,853
2024,5,2,589,29,882
2024,5,2,588,33,915
2024,5,2,587,46,961
2024,5,2,586,36,997
2024,5,2,585,44,1041
2024,5,2,584,36,1077
2024,5,2,583,36,1113
2024,5,2,582,52,1165
2024,5,2,581,42,1207
2024,5,2,580,50,1257
2024,5,2,579,44,1301
2024,5,2,578,43,1344
2024,5,2,577,41,1385
2024,5,2,576,54,1439
2024,5,2,575,49,1488
2024,5,2,574,57,1545
2024,5,2,573,54,1599
2024,5,2,572,47,1646
2024,5,2,571,48,1694
2024,5,2,570,56,1750
2024,5,2,569,54,1804
2024,5,2,568,69,1873
2024,5,2,567,71,1944
2024,5,2,566,60,2004
2024,5,2,565,62,2066
2024,5,2,564,53,2119
2024,5,2,563,67,2186
2024,5,2,562,75,2261
2024,5,2,561,67,2328
2024,5,2,560,96,2424
2024,5,2,559,76,2500
2024,5,2,558,78,2578
2024,5,2,557,75,2653
2024,5,2,556,83,2736
2024,5,2,555,92,2828
2024,5,2,554,96,2924
2024,5,2,553,94,3018
2024,5,2,552,85,3103
2024,5,2,551,100,3203
2024,5,2,550,88,3291
2024,5,2,549,96,3387
2024,5,2,548,100,3487
2024,5,2,547,102,3589
2024,5,2,546,90,3679
2024,5,2,545,98,3777
2024,5,2,544,108,3885
2024,5,2,543,100,3985
2024,5,2,542,113,4098
2024,5,2,541,131,4229
2024,5,2,540,121,4350
2024,5,2,539,115,4465
2024,5,2,538,114,4579
2024,5,2,537,129,4708
2024,5,2,536,148,4856
2024,5,2,535,115,4971
2024,5,2,534,112,5083
2024,5,2,533,128,5211
2024,5,2,532,130,5341
2024,5,2,531,125,5466
2024,5,2,530,143,5609
2024,5,2,529,142,5751
2024,5,2,528,142,5893
2024,5,2,527,134,6027
2024,5,2,526,144,6171
2024,5,2,525,164,6335
2024,5,2,524,145,6480
2024,5,2,523,138,6618
2024,5,2,522,149,6767
2024,5,2,521,183,6950
2024,5,2,520,186,7136
2024,5,2,519,183,7319
2024,5,2,518,162,7481
2024,5,2,517,162,7643
2024,5,2,516,186,7829
2024,5,2,515,172,8001
2024,5,2,514,194,8195
2024,5,2,513,211,8406
2024,5,2,512,207,8613
2024,5,2,511,197,8810
2024,5,2,510,205,9015
2024,5,2,509,192,9207
2024,5,2,508,231,9438
2024,5,2,507,210,9648
2024,5,2,506,212,9860
2024,5,2,505,223,10083
2024,5,2,504,239,10322
2024,5,2,503,216,10538
2024,5,2,502,219,10757
2024,5,2,501,244,11001
2024,5,2,500,229,11230
2024,5,2,499,225,11455
2024,5,2,498,237,11692
2024,5,2,497,234,11926
2024,5,2,496,272,12198
2024,5,2,495,257,12455
2024,5,2,494,278,12733
2024,5,2,493,233,12966
2024,5,2,492,279,13245
2024,5,2,491,244,13489
2024,5,2,490,233,13722
2024,5,2,489,272,13994
2024,5,2,488,309,14303
2024,5,2,487,304,14607
2024,5,2,486,297,14904
2024,5,2,485,265,15169
2024,5,2,484,310,15479
2024,5,2,483,288,15767
2024,5,2,482,286,16053
2024,5,2,481,305,16358
2024,5,2,480,293,16651
2024,5,2,479,295,16946
2024,5,2,478,310,17256
2024,5,2,477,299,17555
2024,5,2,476,311,17866
2024,5,2,475,322,18188
2024,5,2,474,323,18511
2024,5,2,473,327,18838
2024,5,2,472,350,19188
2024,5,2,471,352,19540
2024,5,2,470,315,19855
2024,5,2,469,338,20193
2024,5,2,468,311,20504
2024,5,2,467,331,20835
2024,5,2,466,361,21196
2024,5,2,465,372,21568
2024,5,2,464,354,21922
2024,5,2,463,327,22249
2024,5,2,462,332,22581
2024,5,2,461,330,22911
2024,5,2,460,367,23278
2024,5,2,459,350,23628
2024,5,2,458,365,23993
2024,5,2,457,342,24335
2024,5,2,456,379,24714
2024,5,2,455,326,25040
2024,5,2,454,361,25401
2024,5,2,453,378,25779
2024,5,2,452,375,26154
2024,5,2,451,354,26508
2024,5,2,450,418,26926
2024,5,2,449,372,27298
2024,5,2,448,353,27651
2024,5,2,447,373,28024
2024,5,2,446,370,28394
2024,5,2,445,365,28759
2024,5,2,444,404,29163
2024,5,2,443,384,29547
2024,5,2,442,396,29943
2024,5,2,441,374,30317
2024,5,2,440,392,30709
2024,5,2,439,391,31100
2024,5,2,438,434,31534
2024,5,2,437,396,31930
2024,5,2,436,404,32334
2024,5,2,435,446,32780
2024,5,2,434,364,33144
2024,5,2,433,383,33527
2024,5,2,432,367,33894
2024,5,2,431,412,34306
2024,5,2,430,423,34729
2024,5,2,429,406,35135
2024,5,2,428,412,35547
2024,5,2,427,409,35956
2024,5,2,426,403,36359
2024,5,2,425,348,36707
2024,5,2,424,363,37070
2024,5,2,423,396,37466
2024,5,2,422,374,37840
2024,5,2,421,391,38231
2024,5,2,420,404,38635
2024,5,2,419,434,39069
2024,5,2,418,395,39464
2024,5,2,417,380,39844
2024,5,2,416,377,40221
2024,5,2,415,444,40665
2024,5,2,414,402,41067
2024,5,2,413,428,41495
2024,5,2,412,431,41926
2024,5,2,411,394,42320
2024,5,2,410,396,42716
2024,5,2,409,431,43147
2024,5,2,408,402,43549
2024,5,2,407,392,43941
2024,5,2,406,422,44363
2024,5,2,405,417,44780
2024,5,2,404,399,45179
2024,5,2,403,434,45613
2024,5,2,402,407,46020
2024,5,2,401,394,46414
2024,5,2,400,402,46816
2024,5,2,399,326,47142
2024,5,2,398,399,47541
2024,5,2,397,413,47954
2024,5,2,396,392,48346
2024,5,2,395,413,48759
2024,5,2,394,366,49125
2024,5,2,393,398,49523
2024,5,2,392,379,49902
2024,5,2,391,404,50306
2024,5,2,390,375,50681
2024,5,2,389,388,51069
2024,5,2,388,376,51445
2024,5,2,387,379,51824
2024,5,2,386,405,52229
2024,5,2,385,402,52631
2024,5,2,384,394,53025
2024,5,2,383,388,53413
2024,5,2,382,352,53765
2024,5,2,381,345,54110
2024,5,2,380,343,54453
2024,5,2,379,377,54830
2024,5,2,378,311,55141
2024,5,2,377,377,55518
2024,5,2,376,352,55870
2024,5,2,375,375,56245
2024,5,2,374,322,56567
2024,5,2,373,380,56947
2024,5,2,372,357,57304
2024,5,2,371,356,57660
2024,5,2,370,349,58009
2024,5,2,369,328,58337
2024,5,2,368,324,58661
2024,5,2,367,332,58993
2024,5,2,366,336,59329
2024,5,2,365,325,59654
2024,5,2,364,318,59972
2024,5,2,363,302,60274
2024,5,2,362,321,60595
2024,5,2,361,312,60907
2024,5,2,360,329,61236
2024,5,2,359,340,61576
2024,5,2,358,317,61893
2024,5,2,357,296,62189
2024,5,2,356,317,62506
2024,5,2,355,309,62815
2024,5,2,354,288,63103
2024,5,2,353,291,63394
2024,5,2,352,285,63679
2024,5,2,351,275,63954
2024,5,2,350,275,64229
2024,5,2,349,299,64528
2024,5,2,348,289,64817
2024,5,2,347,282,65099
2024,5,2,346,291,65390
2024,5,2,345,303,65693
2024,5,2,344,266,65959
2024,5,2,343,248,66207
2024,5,2,342,318,66525
2024,5,2,341,255,66780
2024,5,2,340,268,67048
2024,5,2,339,274,67322
2024,5,2,338,241,67563
2024,5,2,337,277,67840
2024,5,2,336,258,68098
2024,5,2,335,225,68323
2024,5,2,334,222,68545
2024,5,2,333,259,68804
2024,5,2,332,235,69039
2024,5,2,331,229,69268
2024,5,2,330,179,69447
2024,5,2,329,259,69706
2024,5,2,328,225,69931
2024,5,2,327,260,70191
2024,5,2,326,205,70396
2024,5,2,325,218,70614
2024,5,2,324,215,70829
2024,5,2,323,196,71025
2024,5,2,322,204,71229
2024,5,2,321,187,71416
2024,5,2,320,217,71633
2024,5,2,319,190,71823
2024,5,2,318,203,72026
2024,5,2,317,174,72200
2024,5,2,316,186,72386
2024,5,2,315,213,72599
2024,5,2,314,178,72777
2024,5,2,313,186,72963
2024,5,2,312,160,73123
2024,5,2,311,154,73277
2024,5,2,310,174,73451
2024,5,2,309,172,73623
2024,5,2,308,167,73790
2024,5,2,307,133,73923
2024,5,2,306,158,74081
2024,5,2,305,142,74223
2024,5,2,304,144,74367
2024,5,2,303,158,74525
2024,5,2,302,138,74663
2024,5,2,301,117,74780
2024,5,2,300,144,74924
2024,5,1,712,12,12
2024,5,1,711,2,14
2024,5,1,709,3,17
2024,5,1,708,4,21
2024,5,1,707,1,22
2024,5,1,706,5,27
2024,5,1,705,4,31
2024,5,1,704,2,33
2024,5,1,703,4,37
2024,5,1,702,6,43
2024,5,1,701,6,49
2024,5,1,700,9,58
2024,5,1,699,11,69
2024,5,1,698,9,78
2024,5,1,697,16,94
2024,5,1,696,9,103
2024,5,1,695,11,114
2024,5,1,694,10,124
2024,5,1,693,9,133
2024,5,1,692,5,138
2024,5,1,691,10,148
2024,5,1,690,11,159
2024,5,1,689,14,173
2024,5,1,688,22,195
2024,5,1,687,14,209
2024,5,1,686,20,229
2024,5,1,685,23,252
2024,5,1,684,18,270
2024,5,1,683,24,294
2024,5,1,682,19,313
2024,5,1,681,23,336
2024,5,1,680,28,364
2024,5,1,679,34,398
2024,5,1,678,28,426
2024,5,1,677,41,467
2024,5,1,676,32,499
2024,5,1,675,37,536
2024,5,1,674,56,592
2024,5,1,673,36,628
2024,5,1,672,37,665
2024,5,1,671,35,700
2024,5,1,670,43,743
2024,5,1,669,55,798
2024,5,1,668,54,852
2024,5,1,667,53,905
2024,5,1,666,52,957
2024,5,1,665,45,1002
2024,5,1,664,60,1062
2024,5,1,663,49,1111
2024,5,1,662,70,1181
2024,5,1,661,58,1239
2024,5,1,660,59,1298
2024,5,1,659,67,1365
2024,5,1,658,57,1422
2024,5,1,657,54,1476
2024,5,1,656,57,1533
2024,5,1,655,70,1603
2024,5,1,654,71,1674
2024,5,1,653,77,1751
2024,5,1,652,74,1825
2024,5,1,651,69,1894
2024,5,1,650,79,1973
2024,5,1,649,82,2055
2024,5,1,648,79,2134
2024,5,1,647,99,2233
2024,5,1,646,78,2311
2024,5,1,645,102,2413
2024,5,1,644,95,2508
2024,5,1,643,93,2601
2024,5,1,642,112,2713
2024,5,1,641,109,2822
2024,5,1,640,107,2929
2024,5,1,639,112,3041
2024,5,1,638,95,3136
2024,5,1,637,114,3250
2024,5,1,636,122,3372
2024,5,1,635,113,3485
2024,5,1,634,120,3605
2024,5,1,633,124,3729
2024,5,1,632,118,3847
2024,5,1,631,135,3982
2024,5,1,630,137,4119
2024,5,1,629,125,4244
2024,5,1,628,147,4391
2024,5,1,627,151,4542
2024,5,1,626,135,4677
2024,5,1,625,117,4794
2024,5,1,624,140,4934
2024,5,1,623,140,5074
2024,5,1,622,118,5192
2024,5,1,621,160,5352
2024,5,1,620,158,5510
2024,5,1,619,152,5662
2024,5,1,618,174,5836
2024,5,1,617,145,5981
2024,5,1,616,153,6134
2024,5,1,615,157,6291
2024,5,1,614,172,6463
2024,5,1,613,173,6636
2024,5,1,612,163,6799
2024,5,1,611,197,6996
2024,5,1,610,180,7176
2024,5,1,609,184,7360
2024,5,1,608,224,7584
2024,5,1,607,174,7758
2024,5,1,606,183,7941
2024,5,1,605,203,8144
2024,5,1,604,212,8356
2024,5,1,603,217,8573
2024,5,1,602,218,8791
2024,5,1,601,184,8975
2024,5,1,600,223,9198
2024,5,1,599,195,9393
2024,5,1,598,225,9618
2024,5,1,597,221,9839
2024,5,1,596,197,10036
2024,5,1,595,207,10243
2024,5,1,594,226,10469
2024,5,1,593,234,10703
2024,5,1,592,206,10909
2024,5,1,591,207,11116
2024,5,1,590,243,11359
2024,5,1,589,209,11568
2024,5,1,588,231,11799
2024,5,1,587,214,12013
2024,5,1,586,217,12230
2024,5,1,585,241,12471
2024,5,1,584,260,12731
2024,5,1,583,248,12979
2024,5,1,582,230,13209
2024,5,1,581,271,13480
2024,5,1,580,224,13704
2024,5,1,579,223,13927
2024,5,1,578,258,14185
2024,5,1,577,281,14466
2024,5,1,576,247,14713
2024,5,1,575,310,15023
2024,5,1,574,282,15305
2024,5,1,573,267,15572
2024,5,1,572,272,15844
2024,5,1,571,276,16120
2024,5,1,570,259,16379
2024,5,1,569,306,16685
2024,5,1,568,310,16995
2024,5,1,567,305,17300
2024,5,1,566,311,17611
2024,5,1,565,305,17916
2024,5,1,564,301,18217
2024,5,1,563,319,18536
2024,5,1,562,300,18836
2024,5,1,561,317,19153
2024,5,1,560,343,19496
2024,5,1,559,328,19824
2024,5,1,558,341,20165
2024,5,1,557,319,20484
2024,5,1,556,312,20796
2024,5,1,555,323,21119
2024,5,1,554,320,21439
2024,5,1,553,333,21772
2024,5,1,552,333,22105
2024,5,1,551,344,22449
2024,5,1,550,352,22801
2024,5,1,549,333,23134
2024,5,1,548,383,23517
2024,5,1,547,323,23840
2024,5,1,546,345,24185
2024,5,1,545,369,24554
2024,5,1,544,327,24881
2024,5,1,543,412,25293
2024,5,1,542,359,25652
2024,5,1,541,360,26012
2024,5,1,540,381,26393
2024,5,1,539,397,26790
2024,5,1,538,402,27192
2024,5,1,537,413,27605
2024,5,1,536,390,27995
2024,5,1,535,371,28366
2024,5,1,534,411,28777
2024,5,1,533,451,29228
2024,5,1,532,456,29684
2024,5,1,531,416,30100
2024,5,1,530,422,30522
2024,5,1,529,448,30970
2024,5,1,528,466,31436
2024,5,1,527,433,31869
2024,5,1,526,426,32295
2024,5,1,525,456,32751
2024,5,1,524,484,33235
2024,5,1,523,483,33718
2024,5,1,522,483,34201
2024,5,1,521,496,34697
2024,5,1,520,467,35164
2024,5,1,519,487,35651
2024,5,1,518,498,36149
2024,5,1,517,501,36650
2024,5,1,516,521,37171
2024,5,1,515,486,37657
2024,5,1,514,511,38168
2024,5,1,513,514,38682
2024,5,1,512,495,39177
2024,5,1,511,539,39716
2024,5,1,510,507,40223
2024,5,1,509,550,40773
2024,5,1,508,504,41277
2024,5,1,507,527,41804
2024,5,1,506,559,42363
2024,5,1,505,545,42908
2024,5,1,504,538,43446
2024,5,1,503,586,44032
2024,5,1,502,587,44619
2024,5,1,501,590,45209
2024,5,1,500,554,45763
2024,5,1,499,594,46357
2024,5,1,498,577,46934
2024,5,1,497,557,47491
2024,5,1,496,609,48100
2024,5,1,495,631,48731
2024,5,1,494,571,49302
2024,5,1,493,559,49861
2024,5,1,492,631,50492
2024,5,1,491,639,51131
2024,5,1,490,586,51717
2024,5,1,489,641,52358
2024,5,1,488,605,52963
2024,5,1,487,613,53576
2024,5,1,486,609,54185
2024,5,1,485,639,54824
2024,5,1,484,586,55410
2024,5,1,483,626,56036
2024,5,1,482,659,56695
2024,5,1,481,625,57320
2024,5,1,480,608,57928
2024,5,1,479,653,58581
2024,5,1,478,685,59266
2024,5,1,477,669,59935
2024,5,1,476,718,60653
2024,5,1,475,633,61286
2024,5,1,474,671,61957
2024,5,1,473,718,62675
2024,5,1,472,702,63377
2024,5,1,471,680,64057
2024,5,1,470,702,64759
2024,5,1,469,674,65433
2024,5,1,468,716,66149
2024,5,1,467,712,66861
2024,5,1,466,694,67555
2024,5,1,465,707,68262
2024,5,1,464,707,68969
2024,5,1,463,728,69697
2024,5,1,462,704,70401
2024,5,1,461,708,71109
2024,5,1,460,732,71841
2024,5,1,459,722,72563
2024,5,1,458,705,73268
2024,5,1,457,678,73946
2024,5,1,456,651,74597
2024,5,1,455,716,75313
2024,5,1,454,736,76049
2024,5,1,453,697,76746
2024,5,1,452,692,77438
2024,5,1,451,692,78130
2024,5,1,450,699,78829
2024,5,1,449,693,79522
2024,5,1,448,732,80254
2024,5,1,447,692,80946
2024,5,1,446,701,81647
2024,5,1,445,724,82371
2024,5,1,444,752,83123
2024,5,1,443,723,83846
2024,5,1,442,714,84560
2024,5,1,441,759,85319
2024,5,1,440,755,86074
2024,5,1,439,734,86808
2024,5,1,438,652,87460
2024,5,1,437,803,88263
2024,5,1,436,739,89002
2024,5,1,435,733,89735
2024,5,1,434,770,90505
2024,5,1,433,737,91242
2024,5,1,432,658,91900
2024,5,1,431,694,92594
2024,5,1,430,749,93343
2024,5,1,429,730,94073
2024,5,1,428,715,94788
2024,5,1,427,772,95560
2024,5,1,426,731,96291
2024,5,1,425,718,97009
2024,5,1,424,700,97709
2024,5,1,423,681,98390
2024,5,1,422,686,99076
2024,5,1,421,669,99745
2024,5,1,420,739,100484
2024,5,1,419,715,101199
2024,5,1,418,683,101882
2024,5,1,417,688,102570
2024,5,1,416,708,103278
2024,5,1,415,739,104017
2024,5,1,414,718,104735
2024,5,1,413,706,105441
2024,5,1,412,705,106146
2024,5,1,411,688,106834
2024,5,1,410,703,107537
2024,5,1,409,711,108248
2024,5,1,408,697,108945
2024,5,1,407,636,109581
2024,5,1,406,730,110311
2024,5,1,405,674,110985
2024,5,1,404,652,111637
2024,5,1,403,629,112266
2024,5,1,402,672,112938
2024,5,1,401,716,113654
2024,5,1,400,687,114341
2024,5,1,399,668,115009
2024,5,1,398,680,115689
2024,5,1,397,660,116349
2024,5,1,396,623,116972
2024,5,1,395,638,117610
2024,5,1,394,658,118268
2024,5,1,393,631,118899
2024,5,1,392,688,119587
2024,5,1,391,632,120219
2024,5,1,390,639,120858
2024,5,1,389,634,121492
2024,5,1,388,604,122096
2024,5,1,387,625,122721
2024,5,1,386,641,123362
2024,5,1,385,630,123992
2024,5,1,384,654,124646
2024,5,1,383,618,125264
2024,5,1,382,590,125854
2024,5,1,381,600,126454
2024,5,1,380,591,127045
2024,5,1,379,609,127654
2024,5,1,378,568,128222
2024,5,1,377,572,128794
2024,5,1,376,573,129367
2024,5,1,375,576,129943
2024,5,1,374,593,130536
2024,5,1,373,596,131132
2024,5,1,372,605,131737
2024,5,1,371,584,132321
2024,5,1,370,578,132899
2024,5,1,369,535,133434
2024,5,1,368,542,133976
2024,5,1,367,561,134537
2024,5,1,366,559,135096
2024,5,1,365,505,135601
2024,5,1,364,509,136110
2024,5,1,363,555,136665
2024,5,1,362,546,137211
2024,5,1,361,533,137744
2024,5,1,360,518,138262
2024,5,1,359,502,138764
2024,5,1,358,543,139307
2024,5,1,357,478,139785
2024,5,1,356,501,140286
2024,5,1,355,504,140790
2024,5,1,354,515,141305
2024,5,1,353,474,141779
2024,5,1,352,514,142293
2024,5,1,351,463,142756
2024,5,1,350,470,143226
2024,5,1,349,447,143673
2024,5,1,348,448,144121
2024,5,1,347,508,144629
2024,5,1,346,458,145087
2024,5,1,345,420,145507
2024,5,1,344,429,145936
2024,5,1,343,441,146377
2024,5,1,342,418,146795
2024,5,1,341,402,147197
2024,5,1,340,418,147615
2024,5,1,339,383,147998
2024,5,1,338,403,148401
2024,5,1,337,398,148799
2024,5,1,336,377,149176
2024,5,1,335,383,149559
2024,5,1,334,379,149938
2024,5,1,333,380,150318
2024,5,1,332,366,150684
2024,5,1,331,395,151079
2024,5,1,330,387,151466
2024,5,1,329,362,151828
2024,5,1,328,375,152203
2024,5,1,327,349,152552
2024,5,1,326,360,152912
2024,5,1,325,325,153237
2024,5,1,324,317,153554
2024,5,1,323,329,153883
2024,5,1,322,322,154205
2024,5,1,321,325,154530
2024,5,1,320,326,154856
2024,5,1,319,309,155165
2024,5,1,318,248,155413
2024,5,1,317,312,155725
2024,5,1,316,304,156029
2024,5,1,315,290,156319
2024,5,1,314,287,156606
2024,5,1,313,294,156900
2024,5,1,312,280,157180
2024,5,1,311,274,157454
2024,5,1,310,257,157711
2024,5,1,309,265,157976
2024,5,1,308,267,158243
2024,5,1,307,275,158518
2024,5,1,306,244,158762
2024,5,1,305,247,159009
2024,5,1,304,255,159264
2024,5,1,303,225,159489
2024,5,1,302,230,159719
2024,5,1,301,234,159953
2024,5,1,300,230,160183
2024,9,2,676,20,20
2024,9,2,675,2,22
2024,9,2,674,3,25
2024,9,2,672,5,30
2024,9,2,671,5,35
2024,9,2,670,4,39
2024,9,2,669,1,40
2024,9,2,668,2,42
2024,9,2,667,2,44
2024,9,2,666,6,50
2024,9,2,665,6,56
2024,9,2,664,3,59
2024,9,2,663,4,63
2024,9,2,662,5,68
2024,9,2,661,4,72
2024,9,2,660,4,76
2024,9,2,659,3,79
2024,9,2,658,7,86
2024,9,2,657,6,92
2024,9,2,656,7,99
2024,9,2,655,11,110
2024,9,2,654,9,119
2024,9,2,653,9,128
2024,9,2,652,2,130
2024,9,2,651,11,141
2024,9,2,650,3,144
2024,9,2,649,5,149
2024,9,2,648,14,163
2024,9,2,647,16,179
2024,9,2,646,12,191
2024,9,2,645,7,198
2024,9,2,644,9,207
2024,9,2,643,10,217
2024,9,2,642,13,230
2024,9,2,641,17,247
2024,9,2,640,13,260
2024,9,2,639,10,270
2024,9,2,638,8,278
2024,9,2,637,17,295
2024,9,2,636,11,306
2024,9,2,635,19,325
2024,9,2,634,17,342
2024,9,2,633,19,361
2024,9,2,632,14,375
2024,9,2,631,13,388
2024,9,2,630,15,403
2024,9,2,629,18,421
2024,9,2,628,15,436
2024,9,2,627,21,457
2024,9,2,626,16,473
2024,9,2,625,21,494
2024,9,2,624,20,514
2024,9,2,623,24,538
2024,9,2,622,25,563
2024,9,2,621,20,583
2024,9,2,620,18,601
2024,9,2,619,26,627
2024,9,2,618,31,658
2024,9,2,617,26,684
2024,9,2,616,25,709
2024,9,2,615,16,725
2024,9,2,614,33,758
2024,9,2,613,29,787
2024,9,2,612,31,818
2024,9,2,611,32,850
2024,9,2,610,28,878
2024,9,2,609,29,907
2024,9,2,608,31,938
2024,9,2,607,23,961
2024,9,2,606,28,989
2024,9,2,605,38,1027
2024,9,2,604,35,1062
2024,9,2,603,31,1093
2024,9,2,602,33,1126
2024,9,2,601,33,1159
2024,9,2,600,33,1192
2024,9,2,599,31,1223
2024,9,2,598,47,1270
2024,9,2,597,45,1315
2024,9,2,596,40,1355
2024,9,2,595,41,1396
2024,9,2,594,35,1431
2024,9,2,593,46,1477
2024,9,2,592,56,1533
2024,9,2,591,49,1582
2024,9,2,590,31,1613
2024,9,2,589,39,1652
2024,9,2,588,44,1696
2024,9,2,587,48,1744
2024,9,2,586,59,1803
2024,9,2,585,55,1858
2024,9,2,584,29,1887
2024,9,2,583,49,1936
2024,9,2,582,45,1981
2024,9,2,581,50,2031
2024,9,2,580,70,2101
2024,9,2,579,55,2156
2024,9,2,578,48,2204
2024,9,2,577,63,2267
2024,9,2,576,60,2327
2024,9,2,575,46,2373
2024,9,2,574,57,2430
2024,9,2,573,51,2481
2024,9,2,572,75,2556
2024,9,2,571,65,2621
2024,9,2,570,60,2681
2024,9,2,569,52,2733
2024,9,2,568,51,2784
2024,9,2,567,56,2840
2024,9,2,566,68,2908
2024,9,2,565,73,2981
2024,9,2,564,58,3039
2024,9,2,563,63,3102
2024,9,2,562,72,3174
2024,9,2,561,74,3248
2024,9,2,560,74,3322
2024,9,2,559,67,3389
2024,9,2,558,76,3465
2024,9,2,557,70,3535
2024,9,2,556,75,3610
2024,9,2,555,81,3691
2024,9,2,554,83,3774
2024,9,2,553,88,3862
2024,9,2,552,68,3930
2024,9,2,551,81,4011
2024,9,2,550,79,4090
2024,9,2,549,92,4182
2024,9,2,548,94,4276
2024,9,2,547,91,4367
2024,9,2,546,97,4464
2024,9,2,545,91,4555
2024,9,2,544,86,4641
2024,9,2,543,91,4732
2024,9,2,542,76,4808
2024,9,2,541,74,4882
2024,9,2,540,100,4982
2024,9,2,539,93,5075
2024,9,2,538,98,5173
2024,9,2,537,93,5266
2024,9,2,536,92,5358
2024,9,2,535,92,5450
2024,9,2,534,94,5544
2024,9,2,533,100,5644
2024,9,2,532,114,5758
2024,9,2,531,112,5870
2024,9,2,530,115,5985
2024,9,2,529,96,6081
2024,9,2,528,92,6173
2024,9,2,527,100,6273
2024,9,2,526,94,6367
2024,9,2,525,102,6469
2024,9,2,524,107,6576
2024,9,2,523,91,6667
2024,9,2,522,95,6762
2024,9,2,521,96,6858
2024,9,2,520,119,6977
2024,9,2,519,103,7080
2024,9,2,518,109,7189
2024,9,2,517,113,7302
2024,9,2,516,106,7408
2024,9,2,515,126,7534
2024,9,2,514,94,7628
2024,9,2,513,117,7745
2024,9,2,512,82,7827
2024,9,2,511,114,7941
2024,9,2,510,102,8043
2024,9,2,509,105,8148
2024,9,2,508,106,8254
2024,9,2,507,122,8376
2024,9,2,506,112,8488
2024,9,2,505,102,8590
2024,9,2,504,121,8711
2024,9,2,503,131,8842
2024,9,2,502,127,8969
2024,9,2,501,117,9086
2024,9,2,500,107,9193
2024,9,2,499,136,9329
2024,9,2,498,144,9473
2024,9,2,497,132,9605
2024,9,2,496,111,9716
2024,9,2,495,125,9841
2024,9,2,494,113,9954
2024,9,2,493,143,10097
2024,9,2,492,130,10227
2024,9,2,491,131,10358
2024,9,2,490,120,10478
2024,9,2,489,131,10609
2024,9,2,488,115,10724
2024,9,2,487,150,10874
2024,9,2,486,162,11036
2024,9,2,485,121,11157
2024,9,2,484,143,11300
2024,9,2,483,129,11429
2024,9,2,482,148,11577
2024,9,2,481,121,11698
2024,9,2,480,149,11847
2024,9,2,479,166,12013
2024,9,2,478,120,12133
2024,9,2,477,159,12292
2024,9,2,476,151,12443
2024,9,2,475,158,12601
2024,9,2,474,146,12747
2024,9,2,473,140,12887
2024,9,2,472,143,13030
2024,9,2,471,155,13185
2024,9,2,470,147,13332
2024,9,2,469,138,13470
2024,9,2,468,148,13618
2024,9,2,467,152,13770
2024,9,2,466,142,13912
2024,9,2,465,138,14050
2024,9,2,464,154,14204
2024,9,2,463,159,14363
2024,9,2,462,165,14528
2024,9,2,461,149,14677
2024,9,2,460,167,14844
2024,9,2,459,128,14972
2024,9,2,458,154,15126
2024,9,2,457,150,15276
2024,9,2,456,155,15431
2024,9,2,455,197,15628
2024,9,2,454,156,15784
2024,9,2,453,187,15971
2024,9,2,452,171,16142
2024,9,2,451,160,16302
2024,9,2,450,181,16483
2024,9,2,449,186,16669
2024,9,2,448,173,16842
2024,9,2,447,159,17001
2024,9,2,446,155,17156
2024,9,2,445,153,17309
2024,9,2,444,163,17472
2024,9,2,443,170,17642
2024,9,2,442,168,17810
2024,9,2,441,187,17997
2024,9,2,440,202,18199
2024,9,2,439,168,18367
2024,9,2,438,184,18551
2024,9,2,437,211,18762
2024,9,2,436,176,18938
2024,9,2,435,155,19093
2024,9,2,434,188,19281
2024,9,2,433,180,19461
2024,9,2,432,182,19643
2024,9,2,431,170,19813
2024,9,2,430,168,19981
2024,9,2,429,192,20173
2024,9,2,428,187,20360
2024,9,2,427,199,20559
2024,9,2,426,171,20730
2024,9,2,425,181,20911
2024,9,2,424,172,21083
2024,9,2,423,188,21271
2024,9,2,422,184,21455
2024,9,2,421,173,21628
2024,9,2,420,173,21801
2024,9,2,419,196,21997
2024,9,2,418,198,22195
2024,9,2,417,191,22386
2024,9,2,416,180,22566
2024,9,2,415,235,22801
2024,9,2,414,193,22994
2024,9,2,413,227,23221
2024,9,2,412,190,23411
2024,9,2,411,191,23602
2024,9,2,410,188,23790
2024,9,2,409,184,23974
2024,9,2,408,229,24203
2024,9,2,407,189,24392
2024,9,2,406,227,24619
2024,9,2,405,195,24814
2024,9,2,404,230,25044
2024,9,2,403,199,25243
2024,9,2,402,201,25444
2024,9,2,401,216,25660
2024,9,2,400,233,25893
2024,9,2,399,215,26108
2024,9,2,398,208,26316
2024,9,2,397,201,26517
2024,9,2,396,176,26693
2024,9,2,395,217,26910
2024,9,2,394,222,27132
2024,9,2,393,226,27358
2024,9,2,392,236,27594
2024,9,2,391,235,27829
2024,9,2,390,183,28012
2024,9,2,389,239,28251
2024,9,2,388,246,28497
2024,9,2,387,233,28730
2024,9,2,386,217,28947
2024,9,2,385,208,29155
2024,9,2,384,245,29400
2024,9,2,383,226,29626
2024,9,2,382,223,29849
2024,9,2,381,258,30107
2024,9,2,380,217,30324
2024,9,2,379,214,30538
2024,9,2,378,246,30784
2024,9,2,377,233,31017
2024,9,2,376,214,31231
2024,9,2,375,219,31450
2024,9,2,374,236,31686
2024,9,2,373,231,31917
2024,9,2,372,233,32150
2024,9,2,371,247,32397
2024,9,2,370,213,32610
2024,9,2,369,230,32840
2024,9,2,368,220,33060
2024,9,2,367,219,33279
2024,9,2,366,253,33532
2024,9,2,365,226,33758
2024,9,2,364,246,34004
2024,9,2,363,233,34237
2024,9,2,362,246,34483
2024,9,2,361,227,34710
2024,9,2,360,224,34934
2024,9,2,359,255,35189
2024,9,2,358,230,35419
2024,9,2,357,229,35648
2024,9,2,356,229,35877
2024,9,2,355,239,36116
2024,9,2,354,228,36344
2024,9,2,353,224,36568
2024,9,2,352,243,36811
2024,9,2,351,227,37038
2024,9,2,350,200,37238
2024,9,2,349,225,37463
2024,9,2,348,224,37687
2024,9,2,347,228,37915
2024,9,2,346,214,38129
2024,9,2,345,260,38389
2024,9,2,344,200,38589
2024,9,2,343,233,38822
2024,9,2,342,247,39069
2024,9,2,341,236,39305
2024,9,2,340,233,39538
2024,9,2,339,208,39746
2024,9,2,338,237,39983
2024,9,2,337,217,40200
2024,9,2,336,230,40430
2024,9,2,335,249,40679
2024,9,2,334,223,40902
2024,9,2,333,219,41121
2024,9,2,332,225,41346
2024,9,2,331,207,41553
2024,9,2,330,230,41783
2024,9,2,329,233,42016
2024,9,2,328,204,42220
2024,9,2,327,230,42450
2024,9,2,326,218,42668
2024,9,2,325,212,42880
2024,9,2,324,218,43098
2024,9,2,323,199,43297
2024,9,2,322,209,43506
2024,9,2,321,202,43708
2024,9,2,320,181,43889
2024,9,2,319,194,44083
2024,9,2,318,235,44318
2024,9,2,317,216,44534
2024,9,2,316,183,44717
2024,9,2,315,182,44899
2024,9,2,314,198,45097
2024,9,2,313,207,45304
2024,9,2,312,177,45481
2024,9,2,311,205,45686
2024,9,2,310,185,45871
2024,9,2,309,184,46055
2024,9,2,308,173,46228
2024,9,2,307,168,46396
2024,9,2,306,193,46589
2024,9,2,305,187,46776
2024,9,2,304,175,46951
2024,9,2,303,162,47113
2024,9,2,302,161,47274
2024,9,2,301,148,47422
2024,9,2,300,181,47603
2024,9,1,705,45,45
2024,9,1,704,8,53
2024,9,1,703,9,62
2024,9,1,702,8,70
2024,9,1,701,12,82
2024,9,1,700,6,88
2024,9,1,699,6,94
2024,9,1,698,9,103
2024,9,1,697,5,108
2024,9,1,696,12,120
2024,9,1,695,14,134
2024,9,1,694,15,149
2024,9,1,693,17,166
2024,9,1,692,20,186
2024,9,1,691,14,200
2024,9,1,690,15,215
2024,9,1,689,17,232
2024,9,1,688,13,245
2024,9,1,687,22,267
2024,9,1,686,24,291
2024,9,1,685,21,312
2024,9,1,684,28,340
2024,9,1,683,28,368
2024,9,1,682,31,399
2024,9,1,681,30,429
2024,9,1,680,21,450
2024,9,1,679,29,479
2024,9,1,678,39,518
2024,9,1,677,34,552
2024,9,1,676,51,603
2024,9,1,675,46,649
2024,9,1,674,43,692
2024,9,1,673,41,733
2024,9,1,672,29,762
2024,9,1,671,57,819
2024,9,1,670,53,872
2024,9,1,669,36,908
2024,9,1,668,59,967
2024,9,1,667,47,1014
2024,9,1,666,59,1073
2024,9,1,665,51,1124
2024,9,1,664,46,1170
2024,9,1,663,67,1237
2024,9,1,662,64,1301
2024,9,1,661,67,1368
2024,9,1,660,50,1418
2024,9,1,659,63,1481
2024,9,1,658,66,1547
2024,9,1,657,75,1622
2024,9,1,656,81,1703
2024,9,1,655,75,1778
2024,9,1,654,55,1833
2024,9,1,653,70,1903
2024,9,1,652,84,1987
2024,9,1,651,93,2080
2024,9,1,650,71,2151
2024,9,1,649,84,2235
2024,9,1,648,66,2301
2024,9,1,647,78,2379
2024,9,1,646,90,2469
2024,9,1,645,101,2570
2024,9,1,644,97,2667
2024,9,1,643,95,2762
2024,9,1,642,82,2844
2024,9,1,641,93,2937
2024,9,1,640,96,3033
2024,9,1,639,93,3126
2024,9,1,638,97,3223
2024,9,1,637,99,3322
2024,9,1,636,102,3424
2024,9,1,635,105,3529
2024,9,1,634,120,3649
2024,9,1,633,110,3759
2024,9,1,632,134,3893
2024,9,1,631,118,4011
2024,9,1,630,115,4126
2024,9,1,629,120,4246
2024,9,1,628,118,4364
2024,9,1,627,137,4501
2024,9,1,626,130,4631
2024,9,1,625,150,4781
2024,9,1,624,143,4924
2024,9,1,623,138,5062
2024,9,1,622,143,5205
2024,9,1,621,153,5358
2024,9,1,620,136,5494
2024,9,1,619,144,5638
2024,9,1,618,128,5766
2024,9,1,617,148,5914
2024,9,1,616,146,6060
2024,9,1,615,149,6209
2024,9,1,614,148,6357
2024,9,1,613,163,6520
2024,9,1,612,136,6656
2024,9,1,611,171,6827
2024,9,1,610,143,6970
2024,9,1,609,164,7134
2024,9,1,608,173,7307
2024,9,1,607,184,7491
2024,9,1,606,166,7657
2024,9,1,605,184,7841
2024,9,1,604,164,8005
2024,9,1,603,166,8171
2024,9,1,602,186,8357
2024,9,1,601,178,8535
2024,9,1,600,180,8715
2024,9,1,599,187,8902
2024,9,1,598,181,9083
2024,9,1,597,187,9270
2024,9,1,596,185,9455
2024,9,1,595,171,9626
2024,9,1,594,200,9826
2024,9,1,593,220,10046
2024,9,1,592,205,10251
2024,9,1,591,191,10442
2024,9,1,590,201,10643
2024,9,1,589,200,10843
2024,9,1,588,226,11069
2024,9,1,587,202,11271
2024,9,1,586,212,11483
2024,9,1,585,210,11693
2024,9,1,584,192,11885
2024,9,1,583,227,12112
2024,9,1,582,211,12323
2024,9,1,581,204,12527
2024,9,1,580,177,12704
2024,9,1,579,202,12906
2024,9,1,578,184,13090
2024,9,1,577,230,13320
2024,9,1,576,224,13544
2024,9,1,575,207,13751
2024,9,1,574,221,13972
2024,9,1,573,224,14196
2024,9,1,572,223,14419
2024,9,1,571,264,14683
2024,9,1,570,223,14906
2024,9,1,569,246,15152
2024,9,1,568,219,15371
2024,9,1,567,242,15613
2024,9,1,566,226,15839
2024,9,1,565,222,16061
2024,9,1,564,248,16309
2024,9,1,563,252,16561
2024,9,1,562,239,16800
2024,9,1,561,236,17036
2024,9,1,560,205,17241
2024,9,1,559,259,17500
2024,9,1,558,249,17749
2024,9,1,557,259,18008
2024,9,1,556,264,18272
2024,9,1,555,252,18524
2024,9,1,554,288,18812
2024,9,1,553,241,19053
2024,9,1,552,270,19323
2024,9,1,551,216,19539
2024,9,1,550,260,19799
2024,9,1,549,277,20076
2024,9,1,548,281,20357
2024,9,1,547,254,20611
2024,9,1,546,262,20873
2024,9,1,545,295,21168
2024,9,1,544,263,21431
2024,9,1,543,281,21712
2024,9,1,542,285,21997
2024,9,1,541,260,22257
2024,9,1,540,305,22562
2024,9,1,539,259,22821
2024,9,1,538,301,23122
2024,9,1,537,271,23393
2024,9,1,536,284,23677
2024,9,1,535,310,23987
2024,9,1,534,274,24261
2024,9,1,533,275,24536
2024,9,1,532,274,24810
2024,9,1,531,297,25107
2024,9,1,530,289,25396
2024,9,1,529,330,25726
2024,9,1,528,284,26010
2024,9,1,527,271,26281
2024,9,1,526,294,26575
2024,9,1,525,293,26868
2024,9,1,524,310,27178
2024,9,1,523,291,27469
2024,9,1,522,293,27762
2024,9,1,521,305,28067
2024,9,1,520,272,28339
2024,9,1,519,295,28634
2024,9,1,518,297,28931
2024,9,1,517,314,29245
2024,9,1,516,283,29528
2024,9,1,515,299,29827
2024,9,1,514,299,30126
2024,9,1,513,326,30452
2024,9,1,512,330,30782
2024,9,1,511,297,31079
2024,9,1,510,324,31403
2024,9,1,509,317,31720
2024,9,1,508,330,32050
2024,9,1,507,328,32378
2024,9,1,506,314,32692
2024,9,1,505,274,32966
2024,9,1,504,303,33269
2024,9,1,503,326,33595
2024,9,1,502,318,33913
2024,9,1,501,305,34218
2024,9,1,500,297,34515
2024,9,1,499,318,34833
2024,9,1,498,373,35206
2024,9,1,497,308,35514
2024,9,1,496,307,35821
2024,9,1,495,284,36105
2024,9,1,494,327,36432
2024,9,1,493,278,36710
2024,9,1,492,348,37058
2024,9,1,491,332,37390
2024,9,1,490,314,37704
2024,9,1,489,351,38055
2024,9,1,488,352,38407
2024,9,1,487,327,38734
2024,9,1,486,338,39072
2024,9,1,485,329,39401
2024,9,1,484,349,39750
2024,9,1,483,353,40103
2024,9,1,482,389,40492
2024,9,1,481,347,40839
2024,9,1,480,378,41217
2024,9,1,479,352,41569
2024,9,1,478,344,41913
2024,9,1,477,353,42266
2024,9,1,476,328,42594
2024,9,1,475,343,42937
2024,9,1,474,356,43293
2024,9,1,473,344,43637
2024,9,1,472,349,43986
2024,9,1,471,368,44354
2024,9,1,470,350,44704
2024,9,1,469,350,45054
2024,9,1,468,377,45431
2024,9,1,467,361,45792
2024,9,1,466,349,46141
2024,9,1,465,347,46488
2024,9,1,464,374,46862
2024,9,1,463,345,47207
2024,9,1,462,354,47561
2024,9,1,461,393,47954
2024,9,1,460,366,48320
2024,9,1,459,354,48674
2024,9,1,458,321,48995
2024,9,1,457,388,49383
2024,9,1,456,383,49766
2024,9,1,455,368,50134
2024,9,1,454,360,50494
2024,9,1,453,378,50872
2024,9,1,452,363,51235
2024,9,1,451,377,51612
2024,9,1,450,371,51983
2024,9,1,449,365,52348
2024,9,1,448,378,52726
2024,9,1,447,348,53074
2024,9,1,446,420,53494
2024,9,1,445,381,53875
2024,9,1,444,354,54229
2024,9,1,443,368,54597
2024,9,1,442,386,54983
2024,9,1,441,422,55405
2024,9,1,440,390,55795
2024,9,1,439,387,56182
2024,9,1,438,375,56557
2024,9,1,437,395,56952
2024,9,1,436,395,57347
2024,9,1,435,380,57727
2024,9,1,434,347,58074
2024,9,1,433,388,58462
2024,9,1,432,377,58839
2024,9,1,431,344,59183
2024,9,1,430,363,59546
2024,9,1,429,368,59914
2024,9,1,428,366,60280
2024,9,1,427,368,60648
2024,9,1,426,372,61020
2024,9,1,425,389,61409
2024,9,1,424,410,61819
2024,9,1,423,405,62224
2024,9,1,422,367,62591
2024,9,1,421,366,62957
2024,9,1,420,374,63331
2024,9,1,419,364,63695
2024,9,1,418,407,64102
2024,9,1,417,382,64484
2024,9,1,416,370,64854
2024,9,1,415,393,65247
2024,9,1,414,370,65617
2024,9,1,413,398,66015
2024,9,1,412,391,66406
2024,9,1,411,358,66764
2024,9,1,410,377,67141
2024,9,1,409,376,67517
2024,9,1,408,377,67894
2024,9,1,407,400,68294
2024,9,1,406,336,68630
2024,9,1,405,355,68985
2024,9,1,404,428,69413
2024,9,1,403,391,69804
2024,9,1,402,411,70215
2024,9,1,401,373,70588
2024,9,1,400,396,70984
2024,9,1,399,393,71377
2024,9,1,398,405,71782
2024,9,1,397,389,72171
2024,9,1,396,410,72581
2024,9,1,395,378,72959
2024,9,1,394,396,73355
2024,9,1,393,396,73751
2024,9,1,392,415,74166
2024,9,1,391,381,74547
2024,9,1,390,381,74928
2024,9,1,389,401,75329
2024,9,1,388,394,75723
2024,9,1,387,396,76119
2024,9,1,386,379,76498
2024,9,1,385,415,76913
2024,9,1,384,398,77311
2024,9,1,383,429,77740
2024,9,1,382,368,78108
2024,9,1,381,420,78528
2024,9,1,380,389,78917
2024,9,1,379,418,79335
2024,9,1,378,381,79716
2024,9,1,377,382,80098
2024,9,1,376,387,80485
2024,9,1,375,400,80885
2024,9,1,374,387,81272
2024,9,1,373,398,81670
2024,9,1,372,411,82081
2024,9,1,371,409,82490
2024,9,1,370,387,82877
2024,9,1,369,375,83252
2024,9,1,368,405,83657
2024,9,1,367,401,84058
2024,9,1,366,385,84443
2024,9,1,365,358,84801
2024,9,1,364,391,85192
2024,9,1,363,391,85583
2024,9,1,362,400,85983
2024,9,1,361,370,86353
2024,9,1,360,398,86751
2024,9,1,359,394,87145
2024,9,1,358,417,87562
2024,9,1,357,361,87923
2024,9,1,356,355,88278
2024,9,1,355,379,88657
2024,9,1,354,383,89040
2024,9,1,353,380,89420
2024,9,1,352,347,89767
2024,9,1,351,384,90151
2024,9,1,350,385,90536
2024,9,1,349,411,90947
2024,9,1,348,352,91299
2024,9,1,347,375,91674
2024,9,1,346,391,92065
2024,9,1,345,341,92406
2024,9,1,344,368,92774
2024,9,1,343,390,93164
2024,9,1,342,360,93524
2024,9,1,341,359,93883
2024,9,1,340,368,94251
2024,9,1,339,355,94606
2024,9,1,338,368,94974
2024,9,1,337,349,95323
2024,9,1,336,346,95669
2024,9,1,335,378,96047
2024,9,1,334,349,96396
2024,9,1,333,356,96752
2024,9,1,332,328,97080
2024,9,1,331,326,97406
2024,9,1,330,381,97787
2024,9,1,329,363,98150
2024,9,1,328,334,98484
2024,9,1,327,354,98838
2024,9,1,326,317,99155
2024,9,1,325,340,99495
2024,9,1,324,338,99833
2024,9,1,323,325,100158
2024,9,1,322,337,100495
2024,9,1,321,324,100819
2024,9,1,320,332,101151
2024,9,1,319,302,101453
2024,9,1,318,290,101743
2024,9,1,317,313,102056
2024,9,1,316,282,102338
2024,9,1,315,304,102642
2024,9,1,314,313,102955
2024,9,1,313,300,103255
2024,9,1,312,327,103582
2024,9,1,311,306,103888
2024,9,1,310,308,104196
2024,9,1,309,311,104507
2024,9,1,308,281,104788
2024,9,1,307,295,105083
2024,9,1,306,258,105341
2024,9,1,305,309,105650
2024,9,1,304,298,105948
2024,9,1,303,316,106264
2024,9,1,302,277,106541
2024,9,1,301,253,106794
2024,9,1,300,285,107079
